   1     9.6412022205e+03 23     2.0597673128e+02     2.6109560401e-03
   2     9.7542937851e+03 23     2.2938808886e+02     1.6416722479e-02
   3     9.6646952259e+03 23     6.3438119042e+02     1.3010705223e-02
   4     9.8944272463e+03 23     8.2034204216e+02     1.4777942352e-02
   5     9.8728220529e+03 23     8.9513287777e+02     1.2190910235e-02
   6     9.7005671884e+03 23     1.3017826965e+03     7.0874254820e-03
   7     9.7131222361e+03 23     1.5393528128e+03     1.1851561377e-02
   8     9.7167745978e+03 23     1.5967592733e+03     1.3958091190e-02
   9     9.7394116945e+03 23     2.0506725833e+03     1.0194098256e-02
  10     9.7554554091e+03 23     2.1806410378e+03     1.2656716318e-02
  11     9.7417371303e+03 23     2.2523221155e+03     9.3685330473e-03
  12     9.7589963551e+03 23     2.4188230199e+03     1.0594997761e-02
  13     9.7972876479e+03 23     2.7138777248e+03     7.9229928005e-03
  14     9.7901523967e+03 23     3.0325665694e+03     1.2326189618e-02
  15     9.7955695115e+03 23     3.1676351598e+03     9.9347657520e-03
  16     9.7677262541e+03 23     3.2633425740e+03     8.9198935305e-03
  17     9.8126969978e+03 23     3.5035484825e+03     7.7944728898e-03
  18     9.8147855431e+03 23     3.5389402504e+03     7.9707373310e-03
  19     9.8195503708e+03 23     3.6367749132e+03     9.0638682358e-03
  20     9.8260891425e+03 23     3.7869728161e+03     9.4967596696e-03
  21     9.8310521281e+03 23     3.8955036284e+03     6.4737727551e-02
  22     9.8334240420e+03 23     3.9319414060e+03     6.3896390509e-03
  23     9.8570124448e+03 23     4.2685564364e+03     8.2116467700e-03
  24     9.8540637650e+03 23     4.3660040910e+03     6.6572792910e-03
  25     9.8643548271e+03 23     4.4016519861e+03     7.8575291687e-03
  26     9.8679087240e+03 23     4.6613376570e+03     9.7614682066e-03
  27     9.8695388596e+03 23     4.6829545306e+03     2.1516269938e-02
  28     9.8738000453e+03 23     4.7885605877e+03     1.0893456065e-02
  29     9.8960450707e+03 23     5.2731429654e+03     7.1386763726e-03
  30     9.8804178189e+03 23     5.4123427488e+03     1.1895719909e-02
  31     9.8786965788e+03 23     5.4906159994e+03     7.3932627551e-03
  32     9.9063902435e+03 23     5.5018797867e+03     5.2200581803e-03
  33     9.9491487042e+03 23     6.4715778811e+03     6.5215638477e-03
  34     9.9514668120e+03 23     6.5165189331e+03     7.3376754149e-03
  35     9.9531723640e+03 23     6.5563056018e+03     5.3193450388e-03
  36     9.9634957314e+03 23     6.8060393277e+03     9.8285478523e-03
  37     9.9718275976e+03 23     6.8896321141e+03     6.2045473603e-03
  38     9.9651931169e+03 23     6.9703662601e+03     7.9897950572e-03
  39     9.9746827843e+03 23     7.0706503275e+03     8.3544092068e-03
  40     9.9854370366e+03 23     7.3182182616e+03     5.5791078341e-03
  41     9.9872422482e+03 23     7.3805084874e+03     6.8989242772e-03
  42     9.9920371150e+03 23     7.5016425176e+03     8.3049024001e-02
  43     9.2321137121e+03 24     7.7610594528e+01     1.4771077545e-02
  44     9.2334933127e+03 24     1.0324629325e+02     1.6693138183e-02
  45     9.2444013781e+03 24     2.9020598267e+02     1.0254077782e-02
  46     8.8246717181e+03 24     4.0655060181e+02     3.4299319225e-02
  47     9.6426870545e+03 24     4.1942010587e+02     2.0849943276e-02
  48     9.2591349802e+03 24     5.7579055787e+02     8.0821906543e-03
  49     9.2614529180e+03 24     7.1815888790e+02     5.7478064384e-03
  50     9.2670811446e+03 24     7.4665054282e+02     2.0595916490e-02
  51     9.2697765830e+03 24     7.9410780723e+02     4.9408978251e-03
  52     9.4387487438e+03 24     8.1402112839e+02     3.1880450540e-03
  53     9.2762714580e+03 24     9.1240131795e+02     1.3682186346e-02
  54     9.7730146367e+03 24     9.7917016136e+02     1.4144456619e-02
  55     9.8697032748e+03 24     1.1711473038e+03     1.5472890848e-02
  56     9.2911621566e+03 24     1.2096310360e+03     8.1566127391e-03
  57     9.2547102821e+03 24     1.2771670774e+03     1.3641418485e-02
  58     9.3006420979e+03 24     1.3762066878e+03     7.8800290188e-03
  59     9.2900910624e+03 24     1.5320094608e+03     4.4876293491e-03
  60     8.5558266703e+03 24     1.5824282219e+03     1.4842364582e-02
  61     8.3847205020e+03 24     1.7276966555e+03     1.1898538510e-02
  62     9.3351292976e+03 24     2.0700883906e+03     1.0012723485e-02
  63     9.3099486914e+03 24     2.2738744222e+03     6.7605132511e-03
  64     9.3812693760e+03 24     3.0146800048e+03     1.7116885777e-02
  65     9.3836383617e+03 24     3.0699797237e+03     4.8839487989e-03
  66     9.1164935721e+03 24     3.1892956247e+03     1.3221002978e-02
  67     9.7117485434e+03 24     3.4046483917e+03     1.3066825847e-02
  68     9.4097468719e+03 24     3.6241033928e+03     5.1614791423e-03
  69     9.4144861706e+03 24     3.7261012511e+03     4.9711236334e-03
  70     9.4207863358e+03 24     4.1067449870e+03     1.1893117620e-02
  71     9.4326693089e+03 24     4.1219192316e+03     1.2290063106e-02
  72     9.4374124446e+03 24     4.2211973360e+03     2.1008419078e-01
  73     9.4000587295e+03 24     4.6291273789e+03     1.2463912065e-02
  74     9.4523725414e+03 24     4.8987860737e+03     1.2645445332e-02
  75     9.4578754383e+03 24     4.9778133920e+03     6.8586936663e-03
  76     9.6211408768e+03 24     5.5474222829e+03     1.0065592325e-02
  77     9.3787573733e+03 24     5.5867038806e+03     9.9200134941e-03
  78     9.4967893099e+03 24     5.7782875052e+03     6.7851473698e-03
  79     9.5082492367e+03 24     5.8309947154e+03     4.9674587993e-02
  80     9.5028619836e+03 24     5.8500638867e+03     7.5895752478e-03
  81     9.5362706624e+03 24     6.4988792386e+03     1.4478798957e-02
  82     9.5214019777e+03 24     6.5179347739e+03     6.1614882283e-03
  83     9.5406507567e+03 24     6.6203100524e+03     7.8881016149e-03
  84     9.5612557482e+03 24     7.1262802755e+03     6.0904859259e-03
  85     9.5677105499e+03 24     7.2770884297e+03     6.6985106132e-02
  86     9.5674365148e+03 24     7.2903632943e+03     1.8198884974e-02
  87     8.8600355753e+03 25     6.4120423625e+00     1.2240504475e-01
  88     9.4469923193e+03 25     3.7095825686e+01     1.3990361290e-02
  89     1.0767070160e+04 25     1.4903316368e+02     9.4227279836e-02
  90     9.5183533892e+03 25     1.9109802138e+02     1.6050315231e-02
  91     8.8747967712e+03 25     3.0843725584e+02     1.3117884151e-02
  92     9.5314891329e+03 25     3.1705751047e+02     1.8711338998e-02
  93     7.9976954352e+03 25     5.9392479421e+02     4.5937357312e-03
  94     8.8935983912e+03 25     6.6974398598e+02     8.6149095549e-03
  95     9.8659677462e+03 25     6.8080183809e+02     2.1923204727e-02
  96     8.8722178743e+03 25     7.9613854037e+02     5.8869725596e-03
  97     1.0060984847e+04 25     9.2407570903e+02     6.5558778391e-03
  98     1.0187550647e+04 25     1.0292217765e+03     1.7402063770e-02
  99     8.9205731531e+03 25     1.2191947902e+03     1.1373721786e-02
 100     8.9280850889e+03 25     1.3803706117e+03     1.1859918879e-02
 101     8.9153915742e+03 25     1.6605672983e+03     2.3430674782e-02
 102     8.9765767517e+03 25     1.8157356116e+03     8.6537219996e-03
 103     8.9377982875e+03 25     1.9562268118e+03     8.0576564912e-03
 104     8.9579984036e+03 25     2.0013601914e+03     1.1357297013e-02
 105     8.9634946175e+03 25     2.1041571455e+03     1.7479733651e-02
 106     9.2497628583e+03 25     2.2047833586e+03     1.3755996702e-02
 107     8.9824982794e+03 25     2.2324561171e+03     1.1639530542e-02
 108     8.8233164351e+03 25     2.2519913903e+03     5.1186483844e-03
 109     9.2610457934e+03 25     2.2838284070e+03     8.2899867469e-03
 111     8.9873921316e+03 25     2.7954292698e+03     5.7189578851e-02
 112     9.0000704613e+03 25     2.8093890661e+03     1.6162875171e-02
 113     9.6169894695e+03 25     3.0836995801e+03     9.3270315333e-03
 115     7.9947151689e+03 25     3.1506115148e+03     1.4911629491e-02
 116     8.9887161400e+03 25     3.1728322569e+03     1.2219899276e-02
 117     8.4348173321e+03 25     3.2623730371e+03     1.1581748287e-02
 118     8.9954320863e+03 25     3.2845422059e+03     1.0819540296e-02
 119     9.0355389317e+03 25     3.6921979964e+03     8.3991925135e-03
 120     9.0312374517e+03 25     3.7368451271e+03     1.5564362496e-02
 121     9.6982630904e+03 25     3.7867692925e+03     1.8967822073e-02
 122     9.0396431869e+03 25     3.9049979756e+03     1.0745700199e-02
 123     9.0816830813e+03 25     3.9705343808e+03     1.0229678944e-02
 124     9.0848960055e+03 25     4.1474388818e+03     5.8672721848e-02
 125     9.0735180625e+03 25     4.2974853410e+03     1.5548278800e-02
 126     9.0639601795e+03 25     4.3295340449e+03     8.8330834706e-03
 127     9.0665186142e+03 25     4.3796092729e+03     2.8895064795e-02
 128     9.1050260334e+03 25     4.4231661019e+03     8.2581245791e-03
 129     9.0689088689e+03 25     4.4597845704e+03     3.0114798648e-02
 130     9.0703210081e+03 25     4.5940231226e+03     5.5741471018e-03
 131     9.0912139772e+03 25     4.9555165305e+03     1.3131986352e-02
 132     9.0883989246e+03 25     5.1391874892e+03     8.1041444787e-03
 133     9.1016928084e+03 25     5.1989877971e+03     4.3378819083e-02
 134     9.0948905442e+03 25     5.3299109973e+03     6.0899464628e-03
 135     9.1088865945e+03 25     5.3942840632e+03     2.1404452042e-01
 136     9.1317237824e+03 25     5.9491928194e+03     4.4264866501e+01
 138     9.1736823625e+03 25     6.1588218618e+03     9.0710302012e-03
 139     9.1344220740e+03 25     6.4785855782e+03     6.5657439216e-02
 140     9.1211719733e+03 25     6.6220793035e+03     6.0189342337e-03
 141     9.1712974239e+03 25     6.7964112961e+03     6.7500199988e-03
 142     9.1712252590e+03 25     6.9224891935e+03     8.3243275690e-03
 143     9.2009863672e+03 25     7.1275691500e+03     7.1445838106e-03
 144     9.2032525837e+03 25     7.1624348809e+03     8.0941544944e-03
 145     9.1926003846e+03 25     7.4881469948e+03     4.8655367338e-03
 146     9.1996791075e+03 25     7.6755512821e+03     6.2126322410e-03
 147     9.2045536718e+03 25     7.7893048984e+03     8.5660491872e-03
 148     1.2064484692e+04 26     2.7054533412e+02     2.7856668122e-02
 149     8.5334950108e+03 26     2.9956094342e+02     3.5603120527e-02
 150     8.5342653947e+03 26     3.3542390766e+02     3.6658249461e-02
 151     8.5620715284e+03 26     4.4196249445e+02     1.4783568650e-03
 152     5.9519452051e+03 26     7.5596763552e+02     2.1948910419e-03
 153     8.1435471993e+03 26     8.2888287809e+02     1.4908687733e-02
 154     5.5636901064e+03 26     9.4812477896e+02     5.9808563046e-03
 155     8.5688028636e+03 26     1.0337088320e+03     1.7337216805e-02
 156     4.8548399877e+03 26     1.1376051022e+03     1.4510373847e-02
 157     8.1894687856e+03 26     1.1842005737e+03     8.9225109641e-03
 158     8.5063672876e+03 26     1.2256427076e+03     1.1454749826e-02
 159     8.6021111245e+03 26     1.5361401865e+03     4.5917286571e-03
 160     8.5324285809e+03 26     1.5635314749e+03     1.4304092103e-02
 161     8.5261028912e+03 26     1.7064290098e+03     4.4220216951e-02
 162     9.0576544403e+03 26     1.7989581164e+03     1.4239631853e-02
 163    -7.9588653237e+03 26     1.8370561627e+03     1.4561156560e-02
 164     9.1496222696e+03 26     2.0647070740e+03     1.7313894811e-02
 165     9.2086821655e+03 26     2.1577516898e+03     8.4941285168e-03
 166     8.6578077825e+03 26     2.1765275379e+03     1.6070385227e-02
 167     8.6487313573e+03 26     2.2312089553e+03     1.0443890290e-02
 168     8.6291159564e+03 26     2.3487989866e+03     3.3974303127e-02
 169     8.6307598262e+03 26     2.3982035421e+03     1.0599791707e-02
 170     8.6377727277e+03 26     2.5540299080e+03     2.7611963339e-03
 171     7.7804226920e+03 26     2.5780574891e+03     3.2617507066e-03
 172     7.6833557918e+03 26     2.7095127528e+03     1.4661831675e-02
 173     7.8055853636e+03 26     2.7958212826e+03     6.8075306145e-03
 174     8.6210520990e+03 26     3.1670276793e+03     1.4689510949e-01
 175     8.6535996135e+03 26     3.3941973294e+03     1.5730023227e-02
 176     6.7732179672e+03 26     3.4633371303e+03     1.4100691883e-02
 177     8.6860927714e+03 26     3.6416476897e+03     8.0096668407e-03
 178     8.6872074532e+03 26     3.6534724362e+03     3.2258306671e-02
 179     8.7147148788e+03 26     3.6823208832e+03     8.9448523334e-03
 180     8.1838207953e+03 26     3.7638647192e+03     7.6411857898e-03
 181     1.2364069781e+04 26     3.9341174623e+03     4.6765829218e-03
 182     8.5522482320e+03 26     3.9937916216e+03     5.2015725693e-02
 183     8.6871536424e+03 26     4.0548314936e+03     1.3221664067e-02
 184     8.8769743059e+03 26     4.0820884968e+03     5.0387154379e-03
 185     8.7073565750e+03 26     4.1415555086e+03     1.0214388353e-02
 186     8.7336446268e+03 26     4.1860377297e+03     3.3421415025e-03
 187     8.7110293480e+03 26     4.2141545138e+03     4.7420112997e-03
 188     8.7296006642e+03 26     4.3059567036e+03     4.0057770673e-03
 189     8.7210500399e+03 26     4.4837360596e+03     6.9183987993e-03
 190     8.3661933773e+03 26     4.5028949139e+03     1.4783795965e-02
 191     8.1313827413e+03 26     4.5331018184e+03     1.7273009874e-02
 193     8.6217735482e+03 26     4.7439297952e+03     3.7977216333e-03
 194     8.7796902953e+03 26     4.7829075723e+03     1.2754360208e-02
 195     8.7397211826e+03 26     4.9236133795e+03     7.4818200371e-02
 196     7.9204750126e+03 26     5.1265975971e+03     1.1533203794e-02
 197     9.5082674994e+03 26     5.1548060825e+03     1.1738327527e-02
 198     8.9686660928e+03 26     5.2057674666e+03     8.7896973669e-03
 199     9.7394828975e+03 26     5.2746750533e+03     1.1572640129e-02
 200     8.7586481170e+03 26     5.3803034033e+03     6.1972282580e-03
 201     7.6814259409e+03 26     5.4355738698e+03     1.0307280621e-02
 202     8.7612883618e+03 26     5.4665323628e+03     7.2753700641e-03
 203     7.5071584172e+03 26     5.5936643955e+03     8.8525768934e-03
 204     8.5564235970e+03 26     5.7229499823e+03     1.0516177439e-02
 205     8.8247876851e+03 26     5.7468134249e+03     1.0375082274e-02
 206     8.7731035736e+03 26     5.7644674849e+03     5.0707148196e-02
 207     9.0013369932e+03 26     5.8171180771e+03     1.0996986813e-02
 208     8.8111634808e+03 26     5.9478061927e+03     5.8427940185e-03
 209     8.7789546053e+03 26     6.0467039340e+03     8.5275360389e-03
 210     8.4318853610e+03 26     6.4229040861e+03     9.7833597064e-03
 211     8.3630963740e+03 26     6.5668950541e+03     1.0411134449e-02
 212     9.2802381748e+03 26     6.7160349141e+03     5.3888818705e-03
 213     8.2723867076e+03 26     6.8732418289e+03     1.0256405024e-02
 214     8.8325126620e+03 26     6.9150283516e+03     1.0029483562e-02
 215     8.8446302627e+03 26     7.2352932317e+03     1.8391447711e-02
 216     8.8311593254e+03 26     7.5489697872e+03     1.0947815793e-02
 217     8.8740830931e+03 26     7.7733575867e+03     1.6099899307e-02
 218     8.2056080993e+03 27     5.4091399589e+01     1.5303249010e-02
 219     2.1194952024e+04 27     1.0409635489e+02     6.6361597721e-03
 220     1.3264521729e+04 27     1.4580145427e+02     1.1688948134e-02
 221     3.5536965357e+03 27     2.4556374889e+02     2.0677632902e-02
 222     1.4485226205e+04 27     6.1453544586e+02     1.6461014792e-02
 223     1.8150675152e+04 27     1.0701514878e+03     7.0766990610e-03
 224     8.2536224677e+03 27     1.0969529331e+03     1.2110533910e-02
 225    -5.6050654784e+02 27     1.1218744122e+03                  inf
 226     8.8101025399e+03 27     1.2264927132e+03     1.3326307880e-02
 227     8.2621901721e+03 27     1.5838323555e+03     5.8557558570e-03
 228     6.8818617577e+03 27     1.8706104716e+03     1.4313036603e-02
 229     8.2924917192e+03 27     1.9632305394e+03     7.7148319776e-02
 230     4.5454579816e+03 27     2.4000479402e+03     1.1598271458e-02
 231     7.0985268012e+03 27     2.5149056712e+03     4.3592037153e-02
 232     1.0381610825e+04 27     2.6130255458e+03     1.1210473285e-02
 233     7.6856413457e+03 27     2.8026470368e+03     1.0119416174e-02
 234     8.0633675956e+03 27     2.8366890570e+03     9.8944284990e-03
 235     1.0052053273e+04 27     2.9064404525e+03     3.8043247290e-02
 236     1.1664046636e+04 27     2.9600087641e+03     5.2152943371e-03
 237     8.1084678399e+03 27     3.1228706355e+03     3.2865777216e+05
 238     8.9893957108e+03 27     3.4437958106e+03     7.4664632420e-03
 239     8.8086938832e+03 27     3.5075023662e+03     9.9303900445e-03
 240     8.6919377359e+03 27     3.4762244594e+03     4.9487548140e+06
 241     7.8322921522e+03 27     3.7166777885e+03     1.0484454692e-02
 242     9.0112084652e+03 27     4.0051311116e+03     9.8142228635e-03
 243     7.7308310972e+03 27     4.0996723789e+03     1.5927112633e-02
 244     9.1511704849e+03 27     4.1403141741e+03     7.8790290435e-03
 245     6.2840093698e+03 27     4.1650577925e+03     1.0935736010e-02
 246     9.2332423156e+03 27     4.1990472936e+03     1.3611336570e-02
 247     9.2249624885e+03 27     4.2344483982e+03     1.0075602306e-02
 250     7.9023656456e+03 27     4.9428991825e+03     1.1517499073e-02
 251     8.7804338298e+03 27     4.9755137991e+03     2.3499210740e-02
 252     8.4251515768e+03 27     5.0635801857e+03     2.2510149464e+01
 253     8.4828074790e+03 27     5.6857069426e+03     6.7248793531e-03
 254     8.3115222719e+03 27     5.7125002841e+03     1.1047162710e-02
 255     8.4553429705e+03 27     5.9356743122e+03     2.3386739530e-02
 256     8.4569479789e+03 27     5.9723339569e+03     5.9893004786e-03
 257     7.8156851325e+03 27     6.1832876941e+03     8.3439985592e-03
 258     8.9894981797e+03 27     6.1981117696e+03     3.0269405981e-02
 259     8.5373853721e+03 27     6.2219371128e+03     1.0494566629e-02
 260     7.7155361330e+03 27     6.3876886023e+03     6.5284262312e-03
 261     6.9466118894e+03 27     6.8132648979e+03     2.0236814034e-02
 262     7.2315548083e+03 27     6.8931852765e+03     7.5244489234e-03
 263     8.7361360829e+03 27     7.1818565056e+03     3.1974017957e-02
 264     8.4928042752e+03 27     7.2031699886e+03     1.1805997657e-02
 265     8.5106273668e+03 27     7.4623406169e+03     5.4274863059e-03
 266     8.5128191470e+03 27     7.5435498663e+03     1.1846710282e+00
 267     8.5171445347e+03 27     7.6312498327e+03     1.1703866685e-02
 268     1.7358923879e+04 28     1.5326653200e+02     1.4244421808e-02
 269     7.1663663584e+03 28     3.4165944071e+02     1.1484463862e-02
 270     2.4093547015e+04 28     6.2443028552e+02     1.7920539732e-02
 271     7.9266805358e+03 28     7.1383663741e+02     5.5729727997e-03
 272     6.1949876807e+04 28     1.0035684685e+03     1.3821996456e-02
 273     9.1315941755e+03 28     1.0575986376e+03     1.1613473201e-02
 274     9.1350936018e+03 28     1.1712419794e+03     2.3473033199e-02
 275     6.8696042949e+03 28     1.3606651168e+03     2.5120876125e-02
 276     6.2958693700e+03 28     1.4141914835e+03     7.4012394460e-03
 277     7.9737547554e+03 28     1.4499262505e+03     2.6251877104e-02
 278     6.0709383661e+03 28     1.5612485516e+03     1.1520850961e-02
 279    -6.2547677492e+04 28     1.6135169267e+03     1.5415426252e-02
 280     5.4237321465e+04 28     1.6228404456e+03     1.6493240101e-01
 281     5.6928755806e+03 28     1.7701171143e+03     5.4956560792e-03
 282     4.2239529244e+03 28     1.8493683045e+03     1.8697674210e-02
 283     1.2979929445e+04 28     1.8678957497e+03     9.7142012502e-03
 284     7.9942834460e+03 28     1.9035144417e+03     1.0374311654e-02
 285     8.0236358352e+03 28     2.6294264584e+03     8.8308308585e-03
 286     1.4768726248e+04 28     2.6648676730e+03     1.1122008552e-02
 287     1.4015605000e+04 28     2.7730166093e+03     1.1312877539e-02
 288     1.3845568232e+03 28     2.8271096446e+03     1.2052385410e-02
 289     7.7149999653e+03 28     2.8371570613e+03                  inf
 290     4.8507448301e+02 28     2.9435627153e+03     1.0971539765e-02
 291     8.0259203702e+03 28     3.1613944189e+03     8.7155139812e-03
 292     8.0537004955e+03 28     3.3387713575e+03     8.6398239856e-03
 293     7.0319854176e+03 28     3.5704795967e+03     9.5799880001e-03
 294     9.4897010978e+03 28     3.8980710529e+03     5.1759153307e-03
 295     6.0528402189e+03 28     4.1416693267e+03     8.0616048582e-02
 297     8.2715547429e+03 28     4.3567677680e+03     1.4453763648e-02
 298     6.4337222537e+03 28     4.3681486298e+03     4.9835062104e-02
 300     8.4956730607e+03 28     5.2916386171e+03     3.1341089382e+00
 301     8.2377964855e+03 28     5.5270450542e+03     8.8360033204e-03
 302     9.6485510356e+03 28     5.5800534449e+03     1.0435169904e-02
 303     7.2730548981e+03 28     5.6680600338e+03     5.3030701505e-03
 304     8.1431129530e+03 28     5.6780169990e+03     1.1459776689e-02
 305     6.6628979333e+03 28     5.8475188609e+03     9.9000133777e-03
 306     8.1398252010e+03 28     6.1237297376e+03     5.8133129231e-03
 307     8.1626922543e+03 28     6.1885991346e+03     1.5770594473e-02
 308     6.6723210923e+03 28     6.2180164466e+03     4.9300563471e-03
 309     8.1697894959e+03 28     6.4043478273e+03     5.5618477265e-03
 310     1.1133558477e+04 28     6.8900988684e+03     5.3457122615e-03
 311     8.1909065078e+03 28     7.0043784095e+03     1.9163105233e-02
 312     8.1943660534e+03 28     7.1047374010e+03     7.6271625950e-02
 313     1.1813415683e+04 28     7.4180635235e+03     5.6892638710e-03
 314     7.4609310895e+03 28     7.4876647063e+03     6.3403850076e-03
 315     7.3071742831e+03 28     7.5455482352e+03     7.3892838275e-03
 316     7.2996190296e+03 28     7.6848706934e+03     1.0186795847e-02
 317    -1.3351753274e+04 29     1.4341025987e+02     1.5150503066e-02
 318     7.6347269569e+03 29     2.4586254305e+02     4.0565090071e-03
 319     6.6463207847e+03 29     3.2900470086e+02     1.5060019047e-02
 320     4.1603429215e+03 29     3.4544604605e+02     2.7693999228e-02
 321     4.4734227141e+04 29     3.5856015585e+02     1.9024340686e-02
 322     4.0749627693e+04 29     4.1326920725e+02     1.8664064801e-02
 323     8.5473066625e+03 29     4.9628237946e+02     1.0949041060e-02
 324     5.8519263377e+03 29     5.3567590920e+02     1.2608509368e-02
 325    -5.6090311916e+03 29     5.5565619621e+02     1.5930648514e-02
 326    -6.4341673561e+04 29     6.8669216537e+02     1.9595455245e-02
 327     5.5024189654e+03 29     7.4208133936e+02     5.2500969915e-02
 328     9.8026661711e+03 29     7.6784735283e+02     5.3094651836e-03
 329     6.0168054527e+04 29     8.1863269032e+02     2.4333135935e-02
 330    -5.5406385790e+04 29     9.1136358339e+02     2.4151618561e-02
 331    -7.0212182406e+04 29     9.5593812203e+02     2.5288080580e-03
 332     6.1094138051e+03 29     1.0479139411e+03     9.3128186561e-03
 333     4.4260725207e+03 29     1.0705607417e+03     1.6956395488e-02
 334     1.0528793993e+04 29     1.1243322996e+03     1.2665643895e-02
 335     5.3177022887e+03 29     1.1442946412e+03     1.4743739821e-02
 336     3.0198266373e+04 29     1.2771780896e+03     1.8130138512e-02
 337     1.0857678803e+04 29     1.4992555893e+03     1.6455379714e-02
 338     9.8954843745e+02 29     1.5605069038e+03     1.6849289486e-02
 339     1.2419669389e+04 29     1.5878815160e+03     4.5269753799e-03
 340     7.2412869765e+03 29     1.7187080888e+03     1.5315594703e-02
 341     9.0320435389e+03 29     1.7394827406e+03     2.2877301964e-02
 342     1.1869063814e+04 29     1.7701342484e+03     7.0739707684e-03
 343     1.3550064428e+04 29     1.8073923546e+03     1.6127264244e-02
 345     8.5758520958e+03 29     2.5079984864e+03     3.0359753075e-03
 347     3.8100955681e+04 29     3.0135441667e+03     2.0867709219e-02
 348     1.6782877500e+04 29     3.2478710239e+03     5.3816241958e-03
 349     7.0608373761e+03 29     3.3687968623e+03     1.4140522523e-02
 350     7.7784913612e+03 29     3.4155735176e+03     1.1951235241e-02
 351     2.0954093309e+04 29     3.5013881144e+03     1.6061649878e-02
 352     2.6602079990e+04 29     3.5140007320e+03     2.2009861433e-03
 353     7.7638642584e+03 29     3.6854776505e+03     1.2465656217e-02
 354     1.0218425557e+04 29     3.7947683368e+03     1.5466867375e-02
 355     7.7951482092e+04 29     3.8545022564e+03     1.2058710377e-02
 357     1.2395154909e+04 29     4.0939955982e+03     4.5061300962e-03
 358     7.2585757144e+03 29     4.1824538786e+03     1.3430885086e-02
 359     2.0406258001e+03 29     4.3314765753e+03     1.6186780455e-02
 360    -2.5817635418e+04 29     4.3446657953e+03     1.9098270192e-02
 361     1.3121025013e+04 29     4.3540124525e+03     3.6512709187e-03
 362     7.2024541373e+03 29     4.4461530852e+03     4.5155799218e-03
 363     1.5920233158e+04 29     4.8974740723e+03     1.7497748554e-02
 364     2.8281070170e+04 29     4.9281364525e+03     5.0519442591e-03
 365     7.8715941808e+03 29     4.9520228599e+03     4.5408620811e-03
 366    -4.5980461337e+03 29     5.0982157433e+03     7.0652358765e-03
 367     8.8372794208e+03 29     5.1113603684e+03     1.4703088182e-02
 368     7.8475402379e+03 29     5.2569389257e+03     1.1190472604e-02
 369     7.8488725362e+03 29     5.2822573862e+03     6.2406698633e-03
 370     5.9465773709e+03 29     5.6581720479e+03     5.5852300741e-03
 371     7.8622496062e+03 29     5.6685319223e+03     1.7944711654e-01
 372     7.0983908665e+03 29     5.7183282151e+03     5.3585141061e-02
 373     7.8301082683e+03 29     5.7727932463e+03     1.1274052696e-02
 374     4.6506535780e+03 29     6.0429313974e+03     4.4525573551e-02
 375     1.1660463833e+04 29     6.3545688988e+03     1.1063632312e-02
 376     1.2577629210e+04 29     6.4939951149e+03     5.8056182020e-03
 378     2.1717028109e+03 29     6.7652740199e+03     1.2759168175e-02
 379     9.1736141720e+03 29     7.2463799951e+03     6.9715027103e-03
 380     9.8204858789e+03 29     7.5057013085e+03     6.3822818583e-03
 381     7.4866470751e+03 30     2.6110439757e+02     9.8085920241e-03
 382     1.4266506085e+04 30     2.7188993743e+02     8.2870821671e-03
 383     1.2299725872e+04 30     7.2163395256e+02     1.0620236514e-02
 384     1.3103441106e+04 30     8.5264035963e+02     1.4049449755e-02
 385    -2.2091393424e+05 30     8.7099990686e+02     1.3568467568e-02
 386     5.3106363796e+05 30     9.6194914936e+02     5.5406148674e-03
 387     1.4152919584e+04 30     1.0341482808e+03     6.7625721320e-03
 388    -3.1898110369e+05 30     1.1228236937e+03     1.5539720884e-02
 389     1.4918989641e+04 30     1.1547953709e+03     1.3136195669e-02
 390     4.1623620788e+05 30     1.2798549175e+03     8.0831682699e-03
 391     1.6241788537e+04 30     1.3024934365e+03     1.2886437818e-02
 392     7.4404936685e+03 30     1.4057342255e+03     8.2412280413e-03
 393    -3.9800273421e+05 30     1.4896148139e+03     8.8935762274e-02
 394     1.8600920271e+04 30     1.5104541202e+03     1.3850087593e-02
 395     6.5470572958e+05 30     1.5873292904e+03     1.3351084967e-02
 396     6.3381814691e+03 30     1.7701823664e+03     8.2240903728e-03
 397     9.7947111963e+03 30     1.8120241449e+03     1.0748537857e-01
 398    -3.7458587701e+03 30     1.8580537928e+03     7.1617808226e-02
 399     7.8576496129e+03 30     1.9367022894e+03     1.2685231757e-02
 400     5.9320725416e+03 30     2.1178916983e+03     4.7493919244e-03
 401     3.1035240415e+04 30     2.1713135282e+03     1.1499547337e-02
 402    -2.4832565681e+04 30     2.4306656341e+03     1.3307073500e-02
 403     4.0655749780e+04 30     2.4888865310e+03     1.1987098764e-02
 404     4.2801088426e+04 30     2.5068709666e+03     1.0843673966e-02
 405     7.4906968605e+03 30     2.6557915407e+03     1.4982383840e-02
 406    -3.1760397150e+04 30     2.7971105329e+03     4.5942047129e-02
 410    -1.3694430339e+05 30     3.5225086826e+03     1.2358936241e-02
 411     4.8659747634e+04 30     3.5860244379e+03     4.5604704819e-03
 412     1.6242330538e+04 30     3.6658209797e+03     6.2918854065e-03
 413     7.6558855151e+03 30     3.7374295696e+03     1.0811231606e-02
 414     1.5435964135e+03 30     3.7552816175e+03     1.9477136767e-02
 415     8.3097508297e+03 30     3.9074742053e+03     1.0779759203e-02
 416     8.5668000674e+03 30     4.2315941135e+03     7.8420153596e-03
 417     1.9218786491e+04 30     4.4220748883e+03     2.0496117778e-02
 418     2.6355120259e+03 30     4.4634909349e+03     9.6356484703e-02
 419    -8.2579126421e+03 30     4.6899930267e+03     4.5427112595e-02
 421     6.0296147055e+03 30     4.8359855309e+03     6.6699561972e-03
 422    -2.3213546175e+04 30     4.9004266641e+03     1.2665510956e-02
 423     3.0362318277e+04 30     5.0988696482e+03     1.5610054486e-02
 424     7.1797349836e+04 30     5.1091685654e+03     5.1014064872e-02
 425     5.0454458592e+03 30     5.6125250624e+03     8.8566197247e-03
 426     2.1890119819e+03 30     5.8937087953e+03     6.5798892063e-03
 427    -7.0769272611e+02 30     6.2051955773e+03     7.8665811179e-03
 428     1.7567458079e+04 30     6.2568648069e+03     1.0584204401e-02
 429     1.0851840229e+04 30     6.3612662570e+03     8.1789330785e-03
 430     6.3174307869e+01 30     6.4080087405e+03     6.3410607302e-03
 431     1.8594340127e+04 30     6.4255929166e+03     6.9527546683e-03
 432     1.9165807673e+04 30     6.4698238369e+03     5.8454501526e-03
 433     2.6242843537e+04 30     6.9482693795e+03     4.9182700159e-02
 434     7.2293534600e+03 30     7.0870595398e+03     7.2691920074e-03
 435     8.3500375610e+03 30     7.1996591146e+03     6.5301036400e-03
 436    -2.9167767504e+04 30     7.2227182710e+03     1.0394879078e-02
 437     3.9212076335e+04 30     7.2406442432e+03     9.3682757474e-03
 438     1.6457548613e+04 30     7.3150255020e+03     9.7331882953e-03
 439     7.5126182940e+03 30     7.4284332000e+03     5.3300746497e-03
 440     8.2952817996e+03 30     7.4821490554e+03     5.1729812578e-03
 441     3.7333035346e+03 30     7.5094967072e+03     6.6065922906e-03
 442     1.3520583984e+04 30     7.6894528899e+03     8.7697788268e-03
 443     3.2525848928e+02 30     7.7658167334e+03     6.0242795602e-03
 444     7.3138632865e+03 31     1.6206610241e+02     2.7469878831e-03
 445     1.3927612663e+04 31     2.4223406228e+02     8.1191163469e-03
 446    -3.8301598794e+05 31     3.7061099783e+02     1.8432396725e-02
 447     1.5951113085e+04 31     4.6180940677e+02     6.7788780678e-03
 448     6.5907212233e+03 31     5.7572294898e+02     9.6425729705e-03
 449    -2.1352653809e+04 31     6.5243935582e+02     4.2941316048e-01
 450     6.6488225624e+05 31     7.2850819520e+02     1.9484398168e-02
 451     1.4401313982e+04 31     7.9828584368e+02     1.6007814228e-02
 452     6.4337485403e+03 31     8.1173320407e+02     9.6633740573e-03
 453     6.0780046851e+03 31     1.1070383383e+03     1.1970775538e-02
 454     7.1364484590e+03 31     1.1722377978e+03     1.0058981971e-02
 455     5.6504638194e+03 31     1.3979342865e+03     2.6383199125e-03
 456     5.7742566238e+03 31     1.4426543042e+03     1.7675467607e-02
 458    -1.3065392746e+04 31     1.4606786120e+03     1.6494296382e-02
 459     8.0106124425e+03 31     1.5619988552e+03     2.3421660216e-03
 460     5.3944843775e+03 31     1.5746929818e+03     1.2248179321e-02
 461     5.3137331061e+05 31     1.6009604472e+03     1.5871835924e-02
 462     5.9853519951e+06 31     1.7211512901e+03     1.5937579636e-02
 463     5.0818397935e+03 31     1.8879196153e+03     3.0751108127e-03
 464    -4.5722984314e+04 31     1.9353168560e+03     1.6206320707e-02
 465    -5.8427289731e+04 31     2.0425634535e+03     1.4702747181e-02
 466     2.4643651197e+04 31     2.1685867305e+03     1.4166870032e-02
 467     7.6105396696e+04 31     2.1928637878e+03     1.5174973778e-02
 468    -9.7509083970e+04 31     2.4380369561e+03     3.7525199864e-03
 469     7.3560675345e+03 31     2.5577602797e+03     6.3869905957e-03
 470     6.5386470529e+03 31     2.5957463880e+03     7.7461653153e-03
 471     8.5381971253e+04 31     2.6946381176e+03     6.9574771802e-02
 472    -1.0486904808e+05 31     2.7144302561e+03     2.2442302650e-02
 473    -1.5190383514e+05 31     2.7966821655e+03     1.7593464733e-02
 474     7.1845783572e+03 31     2.8422345026e+03     7.1650703660e-03
 475    -1.8188681666e+05 31     2.9181293939e+03     5.2376945660e-03
 476    -5.7774006027e+04 31     3.1074017991e+03     1.3894967884e-02
 477    -2.9058341476e+05 31     3.5255137545e+03     1.3441808598e-02
 478    -8.2692221436e+03 31     3.6484117867e+03     1.1217395136e-02
 479     8.2551911856e+03 31     3.6635887163e+03     9.2325322369e-03
 480    -2.6900679027e+05 31     4.0181242645e+03     5.5300228206e-03
 481     1.0408225462e+04 31     4.5259096998e+03     4.7659342352e-03
 482     7.5391611113e+03 31     4.7799621311e+03     3.2943797952e-03
 483     7.4671182761e+03 31     4.8178403328e+03     2.9910184061e-02
 484     2.7468674173e+04 31     4.8810273074e+03     1.2637460612e-02
 485     4.7614177213e+04 31     4.9163705311e+03     1.3547404623e-02
 486     1.1239724506e+05 31     5.0942717868e+03     7.9044859163e-03
 487     9.7645762211e+03 31     5.1592906002e+03     1.6491611220e-02
 488     6.4965212508e+03 31     5.2587402833e+03     9.9475582862e-03
 489     6.9602828405e+03 31     5.3009590601e+03     2.5192870468e-02
 490     6.4734132315e+03 31     5.3847262231e+03     9.5487116883e-03
 491     9.3151050607e+03 31     5.4125436666e+03     2.9145307646e-02
 492    -2.2577548735e+05 31     5.4333599223e+03     5.5046066203e-02
 493     6.5326319580e+03 31     5.4638388129e+03     6.1006703137e-03
 494    -3.2533129306e+04 31     5.5462872087e+03     7.5694497275e-03
 495     2.9265523958e+05 31     5.7729750736e+03     1.2203535552e-02
 496    -4.9106598273e+05 31     5.8641026331e+03     1.5865203908e-02
 497     2.8976549365e+04 31     5.9880744816e+03     1.1663108187e-02
 498     7.4189336818e+03 31     6.1534036259e+03     2.6236284554e-02
 499     3.3192902187e+04 31     6.3398311791e+03     5.3755216658e-03
 500     6.8602915949e+03 31     6.3706466539e+03     4.9163187468e-02
 501     5.9102603850e+04 31     6.4500700255e+03     1.0103894552e-02
 502     3.1853878651e+03 31     6.8439100115e+03     4.4625560325e-03
 503     6.0522026990e+04 31     6.8583492957e+03     8.0691944387e-03
 504     6.2088069871e+03 31     7.4651581966e+03     8.6516492290e-03
 505     6.8956052974e+03 31     7.6433400375e+03     9.5000071671e-03
 506    -4.1045354603e+03 31     7.6682418103e+03     5.3793175903e-03
 507     2.1026868180e+04 31     7.7921942804e+03     5.0915751537e-03
 508     2.9808804453e+04 32     4.1268796016e+02     8.8749903800e-03
 509    -4.1056560045e+05 32     4.3826510439e+02     1.0546618913e-02
 510     8.5418077584e+03 32     5.6192382278e+02     2.8415075759e-03
 511     3.0256721286e+04 32     5.8931619759e+02     1.6192691957e-02
 512    -2.1040080489e+06 32     6.3710761725e+02     1.8167093985e-02
 513     4.1326414772e+04 32     7.9013592978e+02     5.0027661964e-03
 514    -2.2178526908e+04 32     8.2807981187e+02     1.0682534394e-02
 515     7.9294793091e+05 32     8.7190849669e+02     6.0420281777e-03
 516     3.8009877024e+06 32     1.0160040294e+03     2.7152520814e-03
 517    -1.1171663340e+06 32     1.4850764622e+03     2.9221240900e-02
 518     1.0123905236e+05 32     1.5599919582e+03     1.0277574282e-03
 519    -1.1732403007e+05 32     1.8553733691e+03     1.4082691920e-02
 520     1.1950236569e+05 32     1.8677979806e+03     8.5963740116e-03
 521    -2.6414594638e+04 32     1.8772156886e+03     1.5465187554e-02
 522     1.6346993685e+04 32     1.9044028152e+03     2.9691976704e+15
 523     2.3150681836e+04 32     1.9950502745e+03     2.7654381939e-01
 524    -4.1689985236e+04 32     2.0855714417e+03     1.3300398114e-02
 525    -1.3956329466e+05 32     2.1416925559e+03     1.3851795189e-02
 526     6.8989285797e+04 32     2.2555931910e+03     7.2797988443e-02
 527     3.2496151654e+05 32     2.4790204258e+03     1.2850398561e-02
 528     1.2880042019e+04 32     2.5680114557e+03     3.5972079243e-03
 529     4.0039959234e+05 32     2.6201972830e+03     3.2458403262e-02
 530     9.0295199943e+03 32     2.6424081829e+03     1.6891151393e-02
 531     9.1877839713e+04 32     2.6940552191e+03     5.7500829883e-02
 532     1.2541982275e+05 32     2.7512461021e+03     1.5203666290e-02
 533     5.2567202726e+05 32     2.7856948791e+03     1.3539173246e-02
 534     7.0187103137e+05 32     2.8285020669e+03     1.5068847144e-02
 535     2.2289478112e+04 32     2.8903796907e+03     1.3227957294e-02
 536     2.5519824604e+04 32     2.9648978753e+03     2.6150543826e-02
 537    -1.6399404396e+04 32     2.9768827777e+03     2.5625399813e-02
 538     5.9321126702e+03 32     3.1264132349e+03     3.9600563220e-02
 539     9.0789947386e+03 32     3.3257891157e+03     6.0161113101e-03
 540     1.8107044085e+04 32     3.5477161956e+03     8.3929195156e-03
 541    -3.0425531466e+04 32     3.5702681634e+03     7.9768091064e-03
 542     2.3453134472e+06 32     3.6124788276e+03     1.4882773241e-02
 543     4.9963862034e+04 32     3.6866786755e+03     1.3098983772e-02
 544     6.1529040075e+05 32     3.7163406903e+03     1.1882565468e-02
 545     3.9850112145e+03 32     3.7313247987e+03     1.1559754874e-02
 546     1.0169311018e+04 32     3.7488213586e+03     1.1462050614e-02
 547     8.8324321985e+03 32     3.7701032705e+03     4.1359026611e-03
 548     7.9910957029e+03 32     3.8627023612e+03     1.5532295887e-02
 549     9.4675668276e+03 32     3.9821816159e+03     1.5088832198e-01
 550     1.2122266835e+04 32     4.0503658425e+03     1.2556399441e-02
 551     8.2050229995e+04 32     4.0616950512e+03     1.9010719701e-02
 552    -6.4469946467e+04 32     4.0882280640e+03     6.7767678305e-03
 553    -8.8021477938e+04 32     4.1424963383e+03     1.5952760275e-02
 554    -7.6102488431e+04 32     4.1740346263e+03     3.4002950805e-03
 555    -2.7983275065e+04 32     4.4335549208e+03     1.0625315598e-02
 556    -5.9380543832e+04 32     4.5084202448e+03     9.7080886393e-03
 557     1.4241396462e+04 32     4.5711830497e+03     1.6501414808e-02
 558    -1.4152295359e+05 32     4.5865634133e+03     1.1612863695e-02
 559    -5.6470202525e+04 32     4.9196220177e+03     1.1458553902e-02
 560     2.4713034885e+04 32     4.9833355927e+03     2.7642369630e-02
 561    -7.3095795771e+03 32     5.1314180358e+03     9.1071788372e-03
 562     2.2938262546e+04 32     5.2038860133e+03     4.2356481977e-03
 563    -1.0909850860e+04 32     5.2972831289e+03     1.1511010651e-02
 564     1.8557351621e+04 32     5.3298725030e+03     1.9364506801e-02
 565     2.5666875889e+04 32     5.3424059925e+03     8.4284608484e-03
 566    -2.2235204972e+05 32     5.6558772036e+03     5.4859206026e-03
 567    -2.1959734484e+04 32     5.6950290090e+03     9.6663942550e-03
 568    -9.0574121720e+03 32     5.8479511526e+03     3.5516640553e-03
 569     1.0146614753e+04 32     5.8679059443e+03     4.4470073873e-03
 570     3.7634444916e+03 32     5.9070256840e+03     8.6391931650e-03
 571     1.0095901393e+03 32     6.4681073635e+03     3.9558511326e-03
 572     7.0993208220e+03 32     6.5675697463e+03     9.7457633986e+01
 573    -1.0729233735e+05 32     6.7447081231e+03     9.7298275883e-03
 574     1.6430428333e+05 32     6.8658636923e+03     5.2381810774e-03
 575    -5.3580614514e+03 32     7.0180087621e+03     1.1660616416e-02
 576     2.7508949545e+04 32     7.1201659450e+03     6.6024142617e-01
 577    -7.7358534658e+04 32     7.2223644477e+03     7.7420299952e-03
 578     2.6069573154e+04 32     7.3160715463e+03     1.0388132800e-02
 579     2.6525550250e+04 32     7.3336868171e+03     1.5316635402e-02
 580     6.6631098089e+03 32     7.7319634026e+03     7.0642976329e-03
 581     5.5567155573e+05 33     1.3624326193e+00     1.7076940343e+01
 582     2.9524558161e+06 33     2.2866611743e+01     1.5493363704e-02
 583    -3.3529437196e+04 33     9.2713666915e+01     1.4142368980e-02
 584    -6.3541683946e+04 33     1.2415457432e+02     1.3487111851e-02
 585     5.2455299616e+04 33     1.8051629915e+02     1.0765541441e-02
 586    -5.1143243512e+03 33     1.9191150266e+02     3.5411539061e-01
 587     1.2584530242e+06 33     3.2374211927e+02     1.0313617698e-02
 588    -3.9541079528e+04 33     4.1264009095e+02     4.3106936957e-02
 589    -2.3731106832e+06 33     4.2911222386e+02     1.6868987816e-01
 590     5.8808496567e+06 33     4.5979058683e+02     9.1890264991e-03
 591     1.1575367132e+04 33     4.7621614057e+02     2.2096576955e-02
 592     1.5922402407e+06 33     5.0736383732e+02     2.1301856554e-02
 593    -8.7296647139e+04 33     5.5196724149e+02     3.2600809114e-02
 594     1.2865183573e+03 33     5.7817130305e+02     6.5292156525e-03
 595     1.0250995469e+05 33     5.9594341110e+02     4.8460453838e-02
 596     8.2283685040e+04 33     6.0716905018e+02     1.5346759244e-02
 597    -5.2587291904e+04 33     6.4331889284e+02     6.3168539197e-02
 598     9.3047204111e+04 33     7.2376796653e+02     8.8565469222e-03
 599    -9.7507605055e+06 33     8.2235835115e+02     5.0427116479e-02
 600    -1.5294241082e+07 33     8.3784788209e+02     6.5715239741e-03
 601     1.1096807291e+04 33     8.4797868631e+02     1.3849361842e-03
 602     1.2264260227e+04 33     1.0751662842e+03     2.6381857744e-02
 603     1.4101157514e+05 33     1.1346177957e+03     2.0418399483e-02
 604     1.3553846975e+04 33     1.2019796712e+03     8.4494502699e-02
 605    -1.6703384722e+05 33     1.2273823896e+03     1.8210668848e-02
 606     1.1891546175e+04 33     1.2566276829e+03     1.5789229485e-02
 607    -1.4713709964e+03 33     1.4838524098e+03     5.1071591068e-03
 608    -2.3977364050e+03 33     1.6600632541e+03     3.6689725567e-03
 609     1.8366941945e+04 33     1.8029483022e+03     1.3364497260e-02
 610     3.9676074690e+05 33     1.8526935034e+03     1.9954493799e-02
 611     1.5450694542e+04 33     2.0628718395e+03     1.7378591077e-02
 612     1.6784497642e+05 33     2.0936175441e+03     1.3004091223e-02
 613    -1.7674635377e+05 33     2.1600548510e+03     3.5846127188e-03
 614    -9.3907822079e+05 33     2.2870360460e+03     2.9883640717e-02
 615     2.9576145381e+04 33     2.3148738392e+03     1.3947727488e-02
 616    -1.3641083863e+04 33     2.3626183196e+03     1.9033502337e-02
 617     2.9220719306e+05 33     2.4179534909e+03     1.4219184937e-01
 618     1.4968600750e+06 33     2.5385950171e+03     1.8156741568e-02
 619    -1.2867113889e+04 33     2.5674005880e+03     4.4678861954e-02
 620     1.6286322082e+06 33     2.6113002634e+03     1.4584945816e-02
 621     3.7827147871e+04 33     2.6459035060e+03     4.7555954833e-03
 622     1.2652794825e+06 33     2.7664502218e+03     1.6264121288e-02
 623     9.9002868850e+03 33     2.8472446833e+03     1.4855562250e-02
 624    -2.6331434776e+06 33     3.1078584869e+03     5.4745467170e-03
 625     7.5278858188e+05 33     3.1821205689e+03     5.6159398363e-03
 626     7.0704787275e+04 33     3.2339400980e+03     3.5037532509e-03
 628     5.0683455537e+06 33     3.3461655978e+03     9.4403978761e-03
 629    -7.6038839702e+04 33     3.3801191678e+03     4.7778441203e-03
 630    -1.0919449914e+06 33     3.4341077466e+03     1.5751954601e-02
 631    -5.7062260489e+04 33     3.4802505664e+03     1.4177323430e-01
 632    -1.0720279582e+06 33     3.5330356781e+03     3.1242238619e-02
 633    -3.2363440560e+05 33     3.9058016823e+03     7.8761496663e-03
 634    -3.8469283744e+03 33     3.9196301794e+03     5.1205402055e-02
 635     2.5823747412e+04 33     3.9720086010e+03     3.8178721106e-03
 636    -4.6119117104e+03 33     3.9838701682e+03     9.4139665570e-03
 637     1.6628915429e+04 33     4.0080823974e+03     3.9333750935e-03
 638     5.4574859803e+04 33     4.0195372056e+03     1.3145784974e-02
 639    -5.1178560386e+06 33     4.1867981451e+03     1.4737410603e-02
 640    -1.6920237254e+07 33     4.2552142738e+03     1.2973129685e-02
 641    -1.5964979495e+05 33     4.3529148141e+03     1.5386140691e-02
 642     1.8515257880e+04 33     4.4041213566e+03     4.7887040128e-03
 643    -1.1524506422e+04 33     4.5963991345e+03     9.3161740805e-03
 644     1.6120256280e+05 33     4.7448514178e+03     1.2428806729e-02
 645    -9.1307289471e+03 33     4.7816411484e+03     1.1369562238e-02
 646     3.3952916628e+04 33     4.8445063657e+03     1.2259610846e-02
 647     8.5904957753e+05 33     4.9773045726e+03     1.1823917788e-02
 648     3.9735198537e+04 33     5.0462186754e+03     5.9950292758e-03
 649    -3.0047182818e+04 33     5.1382922249e+03     9.8558247137e-03
 650    -1.7518046245e+06 33     5.6238773858e+03     6.1521281353e-03
 651    -2.2690698925e+06 33     5.6957604968e+03     2.9890631529e-02
 652    -4.3743741989e+02 33     5.8523000224e+03     3.5527779760e-02
 653     4.8902025637e+01 33     5.8982181288e+03     1.7871002829e-02
 654     1.8131221840e+04 33     6.5711709682e+03     7.9899633566e-03
 655    -3.0939785676e+05 33     6.6048786042e+03     9.8638220490e-03
 656     1.3771557946e+04 33     6.7677875167e+03     5.7451039057e-03
 657    -1.2287049461e+04 33     6.8039114761e+03     4.4319813031e-03
 658    -4.8059577900e+05 33     6.8670683278e+03     1.2908219186e-02
 659     4.0609390353e+04 33     7.0699173739e+03     4.6692322172e-03
 660     5.6487410777e+03 33     7.1203119126e+03     3.5816878129e-02
 661     2.6199199771e+04 33     7.1783076612e+03     8.4876163301e-03
 662     3.7788175196e+05 33     7.3702696026e+03     6.3697139119e-03
 663    -4.8519010104e+06 34     2.4396774971e+02     3.5680861507e-03
 664    -2.4644072285e+04 34     3.7413504592e+02     5.6103315284e-02
 665    -5.9024638957e+06 34     6.2234826876e+02     2.6681152422e-01
 666    -5.0148023189e+06 34     6.4985726368e+02     1.9457546922e-02
 667    -1.8415143518e+06 34     7.8243846487e+02     5.8212251405e-02
 668     2.7459421270e+07 34     8.8305759728e+02     2.2876873569e-02
 669     1.0704693184e+04 34     1.0049506590e+03     2.1255076879e-02
 670    -3.1653745293e+06 34     1.0153325926e+03     3.6806467892e-02
 671    -1.6388488599e+05 34     1.0468767898e+03     5.2324358248e-02
 672     2.2499312350e+07 34     1.2446993237e+03     2.2519771358e-02
 673     1.6992259472e+05 34     1.3992142310e+03     1.5064165395e-02
 674     7.4849903129e+03 34     1.4159029542e+03     1.7452505901e-01
 675     1.7288171765e+04 34     1.5444726876e+03     1.1863155736e-02
 676    -2.8130832753e+05 34     1.7265105133e+03     1.6673768809e-02
 677    -1.0430081832e+03 34     1.7696885529e+03     1.4539865877e-02
 678     5.2635918969e+05 34     1.8197504710e+03     4.1009910079e-02
 679     3.4766121947e+05 34     1.8423155128e+03     8.2326124201e-03
 680     4.0553818675e+04 34     1.9668415010e+03     3.0729437790e-02
 681     6.5857123596e+03 34     1.9982947841e+03     2.2131273299e-02
 682     9.8841882282e+03 34     2.2198774094e+03     4.7629329076e-03
 683    -5.8325380296e+05 34     2.2540956363e+03     7.7881507699e-03
 684    -9.7325478593e+04 34     2.2960241335e+03     4.9606718625e-03
 685     6.4815454034e+04 34     2.3322785315e+03     4.1743062144e-01
 686    -8.4026818881e+05 34     2.3700305279e+03     4.9623630147e-03
 687    -3.0642672060e+06 34     2.3934213187e+03     1.6562726558e-02
 688     9.1422849802e+04 34     2.4299144051e+03     8.4783095382e-02
 689     4.3041791202e+06 34     2.4406438193e+03     5.5963176991e-02
 690     3.0066524492e+06 34     2.4881652376e+03     1.0235953064e-02
 691     1.1215107547e+04 34     2.5133111041e+03     1.6669429892e-01
 692     7.7704109659e+04 34     2.5491062108e+03     1.1057005510e-02
 693    -3.8217270587e+06 34     2.5655164248e+03     1.5760462222e-02
 694    -8.5140677640e+04 34     2.6543569809e+03     3.8484570589e-02
 695     1.2361178258e+05 34     2.9069887326e+03     1.6983110883e-02
 696    -2.2049569081e+03 34     2.9201233440e+03     6.5873940963e-03
 697     3.9926409591e+04 34     2.9393734500e+03     1.4610323127e-02
 698     1.3261729403e+05 34     2.9919623145e+03     3.3233288134e-03
 699    -8.4285490139e+04 34     3.0044165089e+03     6.6369956694e-02
 700     1.6244901453e+07 34     3.3537875102e+03     7.6180323093e-03
 701     8.4803512863e+04 34     3.5386687656e+03     1.1741195218e-02
 702     1.8677421851e+04 34     3.5596751087e+03     8.3297156554e-03
 703    -2.9717302697e+05 34     3.5846848718e+03     1.2396911813e-02
 704    -1.1152788349e+05 34     3.7914966127e+03     1.2642056918e-02
 705    -9.0949666285e+04 34     3.8511639617e+03     3.3276670671e-02
 706     1.0385146918e+04 34     3.8653828897e+03     1.2262128269e-02
 707    -7.4914367107e+04 34     3.9152387322e+03     3.2151424766e-02
 708    -1.3667333760e+05 34     4.0081134835e+03     4.4539881675e-03
 709    -6.0320771921e+05 34     4.0319240967e+03     4.1762781001e-03
 710     1.7682386118e+05 34     4.0662744249e+03     1.9917899160e-02
 711    -1.6948999837e+05 34     4.1650792156e+03     1.1493260487e-02
 712    -8.1267987664e+05 34     4.2271570941e+03     1.0687691686e-02
 713    -9.4344726437e+05 34     4.3212611900e+03     1.3638502004e-02
 714     2.9571794654e+05 34     4.3322288470e+03     6.9965775192e-03
 715     3.2519816827e+05 34     4.4043809989e+03     9.3223962099e-03
 716     1.4272495237e+04 34     4.6316691334e+03     1.0716382795e-02
 717     1.0425022340e+04 34     4.6668426051e+03     1.0459274591e-02
 718     2.1161847117e+06 34     4.7940640771e+03     4.8108426276e-03
 719     7.4612982904e+04 34     4.8375210489e+03     1.5103078711e-02
 720     7.7953036840e+05 34     4.9427171152e+03     1.3153992476e-02
 721     7.5154494682e+04 34     4.9723948953e+03     8.3732533929e-03
 722    -8.1743683666e+05 34     4.9882279228e+03     7.6529805905e-03
 723     1.4149911921e+04 34     5.2440469840e+03     4.2607818307e-03
 724     1.4290265908e+06 34     5.2856831064e+03     9.9243226093e-03
 725     2.8013593018e+04 34     5.3015680176e+03     1.5062992597e-02
 726    -6.2964684340e+06 34     5.4061389513e+03     5.6171619517e-03
 727     1.6035018346e+05 34     5.4441203503e+03     5.1739668690e-03
 728    -5.1986753001e+03 34     5.7720307795e+03     9.3969463656e-02
 729     2.3238911335e+05 34     5.8281666649e+03     2.5128957587e-02
 730     2.9214872467e+05 34     5.8519674710e+03     4.5146330898e-03
 731     1.2326728620e+04 34     5.9424510843e+03     8.1580799391e-03
 732    -2.8290194183e+04 34     5.9830000858e+03     1.8035616455e-02
 733     4.2502808798e+03 34     6.0563735862e+03     1.2770404012e-02
 734    -5.1191900450e+04 34     6.0708710914e+03     1.0465783467e-01
 735    -1.7693571184e+07 34     6.2420022527e+03     5.1167075164e-03
 736    -1.4525854422e+05 34     6.3579319450e+03     1.4783359011e-02
 737     7.3070685465e+03 34     6.3798389446e+03     3.9052118044e-02
 738     2.1367867006e+05 34     6.4192323116e+03     1.1526622968e-02
 739     5.0615041175e+03 34     6.4408156422e+03     2.2666897546e-02
 740    -7.4378408267e+05 34     6.4813036795e+03     2.1522019797e-02
 741     1.1900349497e+04 34     6.5401139425e+03     6.3195281193e-02
 742    -3.9130569460e+03 34     6.5740511538e+03     4.3205848711e-03
 743    -1.2425041666e+06 34     6.5965356676e+03     3.0314244420e-02
 744    -6.8348163001e+03 34     6.6117906599e+03     5.8728782382e-03
 745     2.1861258599e+03 34     6.6589410447e+03     3.7707158748e-02
 746    -1.2940742123e+06 34     6.7643718746e+03     8.2329585607e-03
 747    -4.7406605022e+05 34     6.8941491693e+03     7.0897355158e-03
 748     1.8561476203e+06 34     6.9140906472e+03     7.5112560260e-03
 749     1.3256009483e+04 34     6.9275760046e+03     7.1299098335e-03
 750     1.1283056002e+02 34     7.2269382268e+03     1.4900046388e-02
 751     3.9046738341e+03 34     7.3057524404e+03     6.5215099279e-03
 752     1.5338706068e+05 34     7.3946571439e+03     8.6867841583e-03
 753    -9.3904031310e+04 34     7.4282525755e+03     6.0772604591e-03
 754     9.6694243253e+03 34     7.4671680845e+03     9.7819625365e-03
 755     7.8826941762e+02 34     7.7692710291e+03     7.4987121769e-03
 756    -1.1152244856e+07 35     1.3032339390e+02     1.2327842686e-02
 757    -1.1827888098e+06 35     2.4796417521e+02     1.1759713226e-02
 758    -4.6531855126e+07 35     3.0068207057e+02     2.3923479009e-02
 759     1.9260784677e+04 35     3.4711733050e+02     4.5529462068e-03
 760     4.2301468944e+05 35     3.5719666893e+02     1.8491183866e-02
 761     2.7268855571e+07 35     5.3577795369e+02     9.1764860214e-03
 762    -7.7321231086e+07 35     5.6345566955e+02     1.5507007968e-02
 763     8.4555747557e+07 35     6.0810406231e+02     3.7268168093e-03
 764     2.2319879291e+05 35     8.0067400140e+02     2.0258140725e-02
 765     4.8989151553e+06 35     8.0860827408e+02     2.4374300945e-02
 766    -4.6901516153e+07 35     8.3987108440e+02     6.2479844077e-03
 767    -3.7954828437e+05 35     8.5815702223e+02     5.6716950089e-03
 768     4.8871745153e+03 35     8.9896100386e+02     1.7418564232e-02
 769    -2.7669986202e+06 35     9.1430803404e+02     1.8993369818e-02
 770    -1.9016730366e+04 35     9.8687234665e+02     4.2986120027e-02
 771     6.3759895363e+03 35     1.0158902680e+03     5.4490350578e-03
 772    -2.9528872273e+06 35     1.1941371142e+03     4.5644370904e-03
 773    -3.0944650973e+04 35     1.2284970031e+03     2.6504436769e-02
 774     6.3724512382e+03 35     1.2761466290e+03     5.7211142496e-03
 775     2.0260003234e+06 35     1.4040709089e+03     1.9817301181e-03
 776     1.5304244400e+06 35     1.4337015798e+03     4.7665878934e-02
 777     5.7720233506e+05 35     1.4562150787e+03     3.6813089168e-02
 778    -1.7825031845e+06 35     1.4828203834e+03     1.6677831133e-02
 779     6.3813486095e+03 35     1.5313811781e+03     1.8901844037e-02
 780    -1.5632403917e+05 35     1.5428750366e+03     3.2847845029e-02
 781     3.4101805472e+06 35     1.7058410283e+03     5.3265855343e-03
 782    -2.8347639611e+06 35     1.7467395278e+03     1.9381638980e-02
 783     6.2627411344e+04 35     1.7849879745e+03     1.3570388976e-02
 784     2.5581638781e+04 35     1.8500997678e+03     1.7321420077e-02
 785    -1.1692127876e+06 35     1.9191349770e+03     1.4556767481e-02
 787    -2.2562689619e+05 35     1.9839451277e+03     7.2201146851e-02
 788    -6.2260772214e+06 35     2.0502640674e+03     9.4711231303e-03
 789     6.6553613197e+06 35     2.0941854544e+03     6.5259342181e-03
 790     1.0475745884e+05 35     2.2636941004e+03     1.1731921002e-02
 791     2.0381034903e+06 35     2.3363746368e+03     1.1826941302e-02
 792     1.2481183081e+07 35     2.4768174584e+03     1.9529980921e-02
 793    -2.6772412271e+05 35     2.5341875401e+03                  inf
 794     4.4417887910e+06 35     2.6192687694e+03     1.3675312396e-02
 795     5.0229335586e+06 35     2.7316347331e+03     1.7629328321e-02
 796    -5.9103989082e+06 35     2.7555267872e+03     1.2821249672e-02
 797    -4.8382116816e+06 35     2.8129816730e+03     6.2794266129e-02
 798     1.0058670382e+04 35     2.9336542616e+03     1.4627047855e-02
 799     5.8183546220e+07 35     3.1744711976e+03     2.6755755526e-02
 800    -9.5968645731e+03 35     3.3161503975e+03     1.4710431470e-02
 801    -3.1673922108e+07 35     3.3355105828e+03     1.1569396781e-02
 802    -2.3973774626e+04 35     3.4662009116e+03     1.0902082821e-02
 803    -1.0245610875e+08 35     3.4861410459e+03     4.5395358108e-03
 804     5.5688404157e+03 35     3.6163953586e+03     9.6628134681e-03
 805     2.0983682784e+05 35     3.6510223109e+03     1.8375561916e-02
 806     3.1024540304e+07 35     3.7515494569e+03     1.8175532912e-02
 807     1.5338396175e+06 35     3.9156308011e+03     1.0942605965e-02
 808    -4.4246828589e+04 35     4.2570092193e+03     1.5065496392e-02
 809     7.0599807849e+05 35     4.2960618871e+03     5.1509897408e-03
 810    -8.6296871898e+04 35     4.3890738625e+03     1.2438516974e-02
 811     5.7348248145e+03 35     4.6401217380e+03     3.9458376469e-03
 812     7.1674099316e+06 35     4.7837565623e+03     7.1747989824e-03
 813     1.6148169391e+07 35     4.8294585608e+03     1.2282410662e-02
 814     7.1968608571e+03 35     4.8903189175e+03     9.1529787829e-03
 815     1.9400514626e+04 35     4.9714805800e+03     9.8807247469e-03
 816     1.1331434727e+05 35     5.0399183945e+03     2.4589358576e-02
 817     6.5103924491e+03 35     5.1134041110e+03     1.0271003261e-02
 818     2.8266758528e+04 35     5.1557943887e+03     9.4760364756e-03
 819     2.7446837046e+06 35     5.2184680945e+03     5.2034623650e-02
 820    -9.8550574216e+03 35     5.2630508295e+03     3.0801517951e-02
 821     3.6751790802e+03 35     5.3139804396e+03     4.0981783846e-03
 822     2.5982076468e+05 35     5.3384059989e+03     5.8724343853e-02
 823    -4.0497069090e+05 35     5.4302104124e+03     6.1257933938e-03
 825    -1.4163769641e+06 35     6.1095286395e+03     1.3299577043e-01
 826    -6.2012914169e+04 35     6.4305925997e+03     1.7485163568e-01
 827     1.2922180092e+06 35     6.4659115167e+03     2.3274468845e-02
 828    -1.9602355043e+04 35     6.6386063274e+03     6.2732716186e-02
 829     2.7851164524e+06 35     6.7689200099e+03     1.7533539734e-02
 830     2.1931094348e+05 35     6.9278886210e+03     1.7299777437e-02
 831    -1.9124561885e+05 35     6.9415029103e+03     4.2936235744e-02
 832     1.0547500518e+05 35     6.9828073709e+03     2.5541143518e-02
 833     3.3849983122e+04 35     7.2419157248e+03     3.1925397084e-03
 834     4.3174087229e+05 35     7.4449672735e+03     1.2354898040e-02
 835     7.4283899094e+03 35     7.4677281646e+03     8.5125099050e-02
 836    -1.2516748711e+04 35     7.6365469838e+03     1.1200685386e-02
 837    -8.1654094362e+05 36     3.4772244172e+01     1.3218210360e-02
 838     4.3253731686e+06 36     1.2591607690e+02     5.7419962547e-03
 839    -2.7933142986e+07 36     1.7773940656e+02     1.2026373159e-02
 840    -1.5811073030e+07 36     2.9810260739e+02     6.9703602506e-03
 841     2.7449112735e+07 36     6.3237406832e+02     1.4211983022e-02
 842     7.4630828970e+05 36     7.8573773196e+02     9.3139779102e-03
 843    -1.9101641417e+10 36     8.5109012148e+02     1.5775038783e-02
 844     6.1871309468e+03 36     1.0374396599e+03     1.4960471649e-02
 845     2.1459263288e+06 36     1.4264682091e+03     1.8697873874e-02
 846    -9.5815914419e+06 36     1.5871324230e+03     1.3407858277e-02
 847    -2.6028115825e+06 36     1.6710886789e+03     1.5776188413e-02
 848     1.7199104669e+07 36     1.8878313947e+03     6.7921729034e-03
 849    -1.0688995151e+07 36     2.0101699295e+03     6.3041719100e-03
 850    -8.2978026773e+06 36     2.2025513923e+03     1.4932726604e-02
 851    -2.6527796837e+05 36     2.4617225706e+03     8.2257324276e-03
 852     6.8445221718e+07 36     2.6111036224e+03     1.5816074518e-02
 853    -1.3839669435e+07 36     2.6494032428e+03     1.4181577672e-02
 854    -1.6185572300e+03 36     2.7163517204e+03     8.6247809745e-03
 855    -5.9944637949e+05 36     2.7760739465e+03     6.3700761902e-03
 856     4.8364573096e+03 36     2.8113791152e+03     8.5124385317e-03
 857     1.4613330242e+05 36     2.8806572511e+03     1.1104567087e-02
 858    -1.1011449848e+06 36     2.9450207528e+03     2.4553372755e-02
 859     1.4026261707e+06 36     3.2007424559e+03     1.4275705130e-02
 860    -5.3793908255e+07 36     3.2518443060e+03     2.6371935928e-02
 861    -1.4491278113e+07 36     3.2783512346e+03     1.2540413284e-02
 862    -7.2142837666e+05 36     3.3939803064e+03     1.8164422005e-02
 863    -5.9614843412e+05 36     3.5051670722e+03     3.2041707642e-02
 864     8.9456857498e+04 36     3.6126402988e+03     2.3546554425e-02
 865     1.3996191678e+07 36     3.6952906107e+03     1.3398392506e-02
 866    -5.9863239758e+08 36     3.7614410236e+03     9.2231586586e-03
 867    -6.4232569509e+05 36     3.7960639153e+03     1.4521283363e-02
 868     1.0914144498e+04 36     3.8582323291e+03     1.7141525837e-02
 869     6.3006346078e+04 36     3.8845237669e+03     1.5419745686e-02
 870     4.8039926094e+06 36     4.0572221032e+03     2.9335162190e-02
 871    -7.3177642966e+06 36     4.1219035995e+03     4.6990245328e-03
 873     1.0297258522e+07 36     4.1951876014e+03     6.6130730370e-03
 874    -1.9639157751e+05 36     4.2511637320e+03     1.0967978233e-02
 875    -1.1802422647e+07 36     4.3071686111e+03     2.3466890175e-02
 876     1.0542482081e+07 36     4.3187294797e+03     1.6446820343e-02
 877     3.3763705063e+06 36     4.4389144678e+03     1.0827399612e-02
 878     1.3738062000e+07 36     4.4693832807e+03     1.1544724611e-02
 879     5.0223416359e+05 36     4.5062475222e+03     6.9290058168e-02
 880     4.8572715931e+06 36     4.5735676674e+03     9.5479816517e-03
 881     8.3959749612e+03 36     4.5897775156e+03     9.4042012023e-03
 882    -1.0081751537e+05 36     4.6514806396e+03     1.4932329872e-02
 883    -3.3084986202e+05 36     4.6846031771e+03     1.1579876413e-02
 884    -2.1559084642e+07 36     4.7993566046e+03     1.0576394008e-02
 885    -2.4752016820e+07 36     4.8499094043e+03     6.0724737071e-03
 886     3.3698822616e+07 36     4.9056572740e+03     1.0604772459e-02
 887    -9.1701314332e+05 36     4.9673937573e+03     3.9608710424e-02
 888     2.1252725650e+04 36     5.0740835231e+03     4.8395627985e-03
 889     4.0071213306e+05 36     5.1224834892e+03     2.7125788758e-02
 890     2.9193157004e+04 36     5.2804895818e+03     2.8397897942e-02
 891    -7.0492364878e+07 36     5.3897611731e+03     9.4153092060e-03
 892    -4.9357649407e+04 36     5.4374639581e+03     9.4105855365e-03
 893    -3.0895178236e+07 36     5.6123605437e+03     8.7526717003e-03
 894    -7.1702709315e+05 36     5.8295860170e+03     1.0518858855e-02
 895    -9.9760054213e+04 36     5.8889184814e+03     9.2150621966e-03
 896     9.2394375043e+04 36     5.9016490599e+03     7.3025253720e-03
 897    -4.5939338055e+06 36     6.1301001108e+03     5.1740470080e-03
 898    -9.9078657207e+05 36     6.2233222174e+03     1.3097058542e-02
 899    -8.7443749988e+06 36     6.4709460026e+03     1.2955091535e-02
 900     2.2932776591e+04 36     6.4811394531e+03     1.2645237945e-02
 901     9.8809701510e+06 36     6.5213241190e+03     7.9872138826e-03
 902     2.9540895566e+05 36     6.5450630376e+03     9.4126548904e-03
 903     1.2129395456e+07 36     6.6175572266e+03     1.5317707527e-02
 904     7.7616198453e+06 36     6.9800278597e+03     5.1271103490e-03
 905    -9.5931425030e+05 36     7.2532810016e+03     1.0081090720e-02
 906    -1.0279559625e+06 36     7.3560617150e+03     5.0314991694e-03
 907     3.2237127354e+07 36     7.6479453971e+03     4.9477721125e-03
 908     3.8215634304e+07 36     7.7019458521e+03     4.6689369318e-03
 909    -3.3171642584e+08 37     8.4309797814e+01     1.1379258545e-02
 910     1.1126112074e+07 37     1.3461715951e+02     1.8170296162e-02
 911    -3.2274819395e+06 37     1.9150972895e+02     1.3942631438e-02
 912     2.4403235916e+02 37     3.5460705064e+02     1.4195163726e-02
 913     1.9775296845e+07 37     4.2384029983e+02     6.4814058471e-03
 914    -6.5019345139e+04 37     4.7528473575e+02     3.7772350281e-02
 915     6.0012024492e+03 37     4.8808142092e+02     3.5846888305e-03
 916     6.0017150194e+03 37     5.0348303864e+02     2.9056922459e-02
 917     6.0051589895e+03 37     6.0420046698e+02     8.1784588790e-03
 918     2.2304579930e+05 37     6.6026371736e+02     8.1287718819e-03
 919    -8.1078947528e+06 37     7.5158272197e+02     1.3354478784e-02
 920     9.6584148289e+06 37     8.5564763176e+02     1.1415573234e-02
 921     1.5538190432e+05 37     9.0744053120e+02     1.6221529393e-02
 922     6.0163562031e+03 37     9.3533860275e+02     1.5546284147e-02
 923     6.0189748846e+03 37     1.0136557999e+03     1.4591386094e-02
 924     6.0202813770e+03 37     1.0518204579e+03     1.6811763047e-02
 925     1.4238614719e+07 37     1.0745341630e+03     1.6725702915e-02
 926     2.7785469882e+06 37     1.0855532115e+03    -1.7669750095e+29
 927     1.7442162892e+06 37     1.1400486348e+03     2.8826707670e-03
 928     6.0260539674e+03 37     1.2249903425e+03     4.2190038938e-02
 929     6.0272505107e+03 37     1.2608426396e+03     2.6437509023e-02
 930     2.2965765635e+07 37     1.3204631911e+03     4.3278003483e-02
 931     6.0296387550e+03 37     1.3332185291e+03     2.1734095686e-02
 932    -2.0663377404e+07 37     1.3574998466e+03     1.5761891906e-02
 933     6.0328790539e+03 37     1.4309204358e+03     1.7680724001e-02
 934     6.0345276662e+03 37     1.4816656733e+03     3.3957166944e-02
 935     2.9635685414e+07 37     1.5012422074e+03     1.9944876003e-02
 936    -3.0812484637e+07 37     1.5487726179e+03     2.3608683983e-02
 937     1.0219505228e+07 37     1.6074517693e+03     1.5284432829e-02
 938    -4.3730989163e+05 37     1.7269018225e+03     1.7506652472e-02
 939     5.1063184846e+07 37     1.9481825936e+03     2.9816526140e-02
 940     6.0509724885e+03 37     1.9853459960e+03     1.5822261340e-02
 941    -7.2211922873e+05 37     2.0392558704e+03     1.2895526855e-02
 942    -2.4429589606e+07 37     2.0597307273e+03     9.3594279199e-03
 943    -8.2942751440e+07 37     2.1282176936e+03     9.7189460191e-03
 944     6.0581804729e+03 37     2.2092345211e+03     1.3795790149e-02
 945    -1.0308101977e+07 37     2.4460611553e+03     1.2040229190e-01
 946    -1.0712163063e+07 37     2.4699020485e+03     5.4558501653e-03
 947     4.2500855225e+05 37     2.5915628464e+03     2.6573331149e-02
 948    -4.9920013385e+05 37     2.6789496889e+03     1.3074131839e-02
 949     1.7394317638e+07 37     2.8063805496e+03     1.2778029170e-02
 950     2.6444435503e+06 37     2.8309798744e+03     1.3448640919e-02
 951    -6.7904311862e+04 37     2.8484217871e+03     9.6572994022e-03
 952    -1.3917112350e+07 37     2.8741190159e+03     4.4540918615e-03
 953     1.2791578251e+05 37     3.1138149873e+03     4.0144607498e-02
 954     4.4404875060e+06 37     3.1329716089e+03     1.2038374997e-02
 955     8.9295382795e+06 37     3.1578760271e+03     4.3555755815e-03
 957     6.0904553128e+03 37     3.2360554883e+03     1.0221441430e-02
 958    -1.1497787438e+05 37     3.4865704035e+03     1.4920045564e-02
 959     1.9291241764e+07 37     3.5091619459e+03     1.3105595809e-02
 960     6.0990885405e+03 37     3.5181702695e+03     9.3434829344e-03
 961    -1.2603014795e+07 37     3.5476658803e+03     1.6300713361e-02
 962    -1.3961100566e+07 37     3.5866509247e+03     1.2469248218e-02
 963     6.1017325948e+03 37     3.6052721103e+03     1.6089758048e-02
 964     1.2887121506e+07 37     3.7344481092e+03     1.0423210487e-02
 965     6.1075354950e+03 37     3.7975217043e+03     1.3093015314e-02
 966    -2.8744962379e+05 37     3.9741737386e+03     4.8161984075e-03
 967    -5.9898783943e+06 37     3.9953498126e+03     1.1253983645e-02
 968     5.0833007393e+06 37     4.0120063430e+03     7.7759163773e-03
 969    -6.6655519453e+06 37     4.0859306575e+03     3.8077112149e-03
 970     9.7035175706e+06 37     4.2338549514e+03     4.8421672047e-03
 971     3.9561606112e+07 37     4.3287745666e+03     2.0443094413e-02
 972    -1.2310505736e+05 37     4.3450054333e+03     2.6662695989e-02
 973    -6.6425729797e+05 37     4.3667828300e+03     1.3521095045e-02
 974    -1.3706528433e+07 37     4.4096601889e+03     1.2104282986e-02
 975    -6.1931068325e+07 37     4.5711736793e+03     1.2258233366e-02
 976     5.4145342790e+04 37     4.6860639556e+03     3.9037568964e-01
 977    -9.5496445522e+07 37     4.8280496484e+03     7.6863594707e-03
 978     3.4969720202e+07 37     4.9721287490e+03     4.6245751834e-03
 979     1.3375671118e+07 37     5.0657717361e+03     1.2799665297e-02
 980     1.6365374014e+08 37     5.2739380611e+03     5.0796802249e-03
 981    -1.1134592440e+05 37     5.3200492410e+03     3.3984052480e-03
 982    -1.0928694438e+07 37     5.3935489220e+03     1.2394002483e-02
 983    -3.9377960201e+06 37     5.4088808535e+03     1.8585745306e-02
 984    -4.7846600045e+08 37     5.4350221201e+03     1.1788252213e-02
 985    -1.3161774742e+06 37     5.5005410878e+03     9.7105335951e-03
 986    -6.2252760106e+06 37     5.6529719989e+03     1.2522275738e-02
 987     2.0601306293e+05 37     5.6829869681e+03     1.7899468580e-02
 988    -6.6052966431e+06 37     5.7885969862e+03     2.1212494580e-02
 989    -2.3294890871e+06 37     5.8791302300e+03     6.7384204343e-02
 990     4.4390495199e+06 37     6.0776794599e+03     6.8921957607e-03
 991    -1.5700050819e+07 37     6.2730265078e+03     1.3637104366e-02
 992    -7.2945204971e+06 37     6.3567341057e+03     1.0894151985e-02
 993     1.1448909068e+07 37     6.5954752666e+03     9.3126713706e-03
 994    -4.9399235138e+07 37     6.6704695062e+03     1.4228692089e-02
 995    -1.9182694496e+06 37     7.0969360607e+03     1.5695880589e-02
 996    -2.6983868693e+06 37     7.3048914003e+03     1.2591643753e-02
 997     8.1008399485e+06 37     7.3777268075e+03     2.3988047713e-02
 998    -1.2734530463e+06 37     7.4139281905e+03     3.9156110807e-03
 999     6.9402854710e+04 37     7.4251206178e+03     1.9347192510e-02
1000    -1.1603905078e+06 37     7.4633170096e+03     6.9221511306e-03
1001    -7.3961175977e+05 37     7.6070578072e+03     2.6392930974e-02
1002     9.9473932602e+06 37     7.6962552429e+03     5.5089584537e-03
1003     5.8308090702e+03 38     1.2054688794e+02     2.3302924675e-02
1004    -1.0328059978e+07 38     1.6633925207e+02     1.1811626168e-02
1005     5.8342433885e+03 38     2.2261776461e+02     1.5670997479e-02
1006     5.8389703500e+03 38     3.6211732415e+02     7.8806164160e-03
1007     5.8394103034e+03 38     3.8923499763e+02     4.2578458767e-02
1008     5.8406408571e+03 38     4.1286681607e+02     1.4551251152e-02
1009     5.8438065535e+03 38     5.0797045464e+02     3.5160147031e-03
1010    -3.8743992706e+07 38     5.7172023220e+02     1.1585966725e-02
1011     5.8526786307e+03 38     7.7604235641e+02     1.5605595279e-03
1012     5.8534689219e+03 38     8.0011971012e+02     4.5582465468e-03
1013     8.9841752346e+06 38     8.1992216706e+02     2.6951091286e-03
1014    -1.2392629271e+07 38     1.0086352331e+03     1.8118308721e-02
1015    -4.1648210727e+07 38     1.1132607273e+03     1.6859602518e-02
1016     5.8667974077e+03 38     1.2082013282e+03     1.9848863113e-02
1017     5.8683845934e+03 38     1.2566601058e+03     3.7419371203e-02
1018     9.0753214765e+06 38     1.3024758861e+03     2.0418332131e-02
1019     5.8711954993e+03 38     1.3437521161e+03     1.2253366397e-02
1020     8.9118912386e+07 38     1.3878618907e+03     5.9440839050e-03
1021    -8.5252773299e+07 38     1.4419927037e+03     5.9927360033e-04
1023    -1.2327340476e+06 38     1.6781032044e+03     4.5512462121e-03
1024     1.0919571371e+04 38     1.7006402045e+03     1.7451997574e-02
1025    -2.3306605267e+05 38     1.7471132755e+03     5.0070647172e-02
1026     5.3179408822e+07 38     1.7976597397e+03     1.1972413626e-02
1027    -1.6271973420e+06 38     1.8238432222e+03     5.2799104420e-03
1028     9.3254795872e+07 38     1.8799234983e+03     2.0358320126e-01
1029     3.4627777015e+05 38     1.9796411772e+03     1.2279209920e-02
1030    -4.3554922219e+06 38     2.0827117254e+03     1.6397616790e-02
1031     9.6971403898e+03 38     2.1014669606e+03     1.7419817864e-02
1032    -6.9535757819e+07 38     2.1219880334e+03     4.7300447304e-03
1033     5.8963635360e+03 38     2.1360091947e+03     8.1603679925e-03
1034     2.3989264730e+07 38     2.2476300394e+03     1.0835185581e-02
1035     1.8600284341e+07 38     2.3359910196e+03     8.0605578177e-03
1036     1.4295809648e+07 38     2.4186181998e+03     1.0673937490e-02
1037    -1.4193733775e+07 38     2.4319060533e+03     3.6764062314e-03
1038     1.3967023412e+05 38     2.6157225735e+03     7.3121320935e-03
1039     5.9143918187e+03 38     2.7181872414e+03     6.6583669337e-03
1040    -2.7722446377e+06 38     2.8678191038e+03     5.6232290679e-03
1041    -3.7338190385e+03 38     2.9350155449e+03     4.1963089285e-01
1042     5.9254213858e+03 38     3.0810153926e+03     1.9254301194e-02
1043     1.3902699046e+05 38     3.1082720734e+03     7.8379833956e-03
1044     5.9315185195e+03 38     3.2316086319e+03     9.2507367125e-03
1045     6.3841892341e+06 38     3.4637675601e+03     2.3006901000e-02
1046    -8.7989469136e+06 38     3.4904157489e+03     1.2218943003e-02
1047     4.9779108272e+06 38     3.4992036478e+03     6.3167286616e-02
1048    -5.8615878724e+05 38     3.5882884038e+03     9.4121204601e-03
1049     3.3136339151e+07 38     3.6492099510e+03     2.4052090584e-02
1050    -1.7321166264e+07 38     3.7269123398e+03     1.4866885320e-02
1051     7.9436378879e+06 38     3.7809351665e+03     5.1648784560e-02
1052    -1.5068339674e+07 38     3.8684110311e+03     1.1549638909e-02
1053     1.2737332713e+06 38     4.0323071702e+03     2.4259273793e-02
1054     5.9555509347e+03 38     4.1008941898e+03     1.4510966013e-02
1055     5.9562459038e+03 38     4.1247925260e+03     1.6095817993e-02
1056     9.5841100614e+03 38     4.2819069032e+03     8.5860469883e-03
1057    -1.1131992775e+06 38     4.4103724058e+03     8.8822098857e-03
1058     1.8780945076e+06 38     4.5178870028e+03     2.7753902913e-02
1059     2.6702905452e+06 38     4.5451238151e+03     1.1131649307e-02
1060    -9.8577716266e+04 38     4.5950479152e+03     1.2344154903e-02
1061    -4.0374473608e+06 38     4.7834381110e+03     1.0963449892e-02
1062     5.9762021142e+03 38     4.8238226949e+03     5.8015343915e-03
1063     5.3737368248e+05 38     5.1029824575e+03     3.4068179903e-02
1064     5.9859021512e+03 38     5.1716212648e+03     8.1830369898e-03
1065     6.8947026204e+05 38     5.1841443096e+03     9.7658624024e-03
1066     2.6284367967e+06 38     5.2215673395e+03     8.6957813547e-03
1067     2.5984645932e+10 38     5.2845426693e+03     1.3856097727e-02
1068     5.9897466138e+03 38     5.3100021041e+03     4.3586150603e-03
1069     5.9910140243e+03 38     5.3558144469e+03     6.1252386114e-03
1070     7.0156642140e+06 38     5.4461320473e+03     3.5805949292e-03
1071    -4.8117652780e+06 38     5.5094065330e+03     2.5471643360e-02
1072    -8.3540562723e+05 38     5.5261060936e+03     1.2526149418e-01
1073     4.4934018924e+05 38     5.5608544376e+03     1.0536683840e-02
1074    -1.1792739989e+07 38     5.6479403185e+03     4.3921887722e-03
1075     7.5711482509e+04 38     5.7128322626e+03     2.6229730067e-02
1076     6.4242437430e+06 38     5.7290772824e+03     1.2682495395e-02
1077    -5.6435084454e+06 38     5.7483519591e+03     1.3716924479e-02
1078    -9.8720757820e+06 38     5.8758089372e+03     5.5044940680e-03
1079     8.3443953045e+05 38     5.9466195840e+03     1.1144177251e-02
1080     1.5104198716e+07 38     6.0619782885e+03     3.5280126375e-03
1081     6.0136811269e+03 38     6.1939604679e+03     5.0148388928e-03
1082     8.1011626148e+04 38     6.2597218314e+03     5.8697963349e-03
1083    -9.2216870317e+05 38     6.2951922041e+03     1.2342509898e-02
1084    -8.1542834941e+07 38     6.3949165965e+03     1.9642048787e-02
1085    -2.3316795398e+07 38     6.4436828737e+03     1.4271273265e-02
1086     1.2995209696e+05 38     6.4724920146e+03     8.7497413258e-03
1087     2.6832315960e+07 38     6.4867909408e+03     2.9327833950e-02
1088    -3.7248047477e+06 38     6.5560036257e+03     4.1059871362e-03
1089     8.3625669884e+07 38     6.6643191096e+03     2.3426543603e-02
1090    -1.9543014855e+06 38     6.7100911409e+03     1.0001792384e-02
1091    -5.4353695802e+06 38     6.7866358093e+03     3.1362912917e-02
1092    -8.5805953726e+06 38     6.8027497638e+03     1.1074150452e-02
1093     1.0656112688e+08 38     6.8338104582e+03     5.6998832655e-03
1094    -9.0691236555e+05 38     6.9280324048e+03     4.2254135892e-03
1095     4.6994954513e+07 38     6.9927337807e+03     4.6080265630e-02
1096    -7.8230311132e+06 38     7.0181811233e+03     5.4312009367e-03
1097     6.4815377942e+05 38     7.0796199745e+03     1.4224482061e-02
1098    -2.3879633719e+06 38     7.1546760407e+03     1.1708790397e-02
1099    -3.2245555645e+05 38     7.3086902102e+03     1.1664226979e-02
1100    -1.5177550724e+05 38     7.5949677115e+03     6.9499623477e-02
1101     6.0509705503e+03 38     7.6429550430e+03     1.3884025903e-02
1102    -2.2764568969e+05 38     7.7129591978e+03     1.0145508755e-02
1103    -8.0797267294e+06 38     7.7394575744e+03     9.4089501856e-03
