10555.9254410
10673.5657630
10673.6000000
10681.7718090
10683.4046000
10700.9852450
10712.8128170
10723.9241950
10726.9000000
10726.9262820
10733.8756110
10759.0427470
10770.4152800
10880.9412620
10881.0000000
10083.7852920
10089.1349690
10111.5922240
10111.5922240
10133.5661030
10141.3968690
10163.3769400
10175.0078570
10178.5191130
10218.4326190
10221.0006340
10236.0279520
10283.1160680
10332.7334540
9641.1917430
9642.4775260
9674.7913410
9678.8083200
9700.5630110
9711.7632090
9713.1118630
9716.1419190
9736.2123810
9739.7686760
9746.4627880
9750.1349800
9753.5919260
9758.6364360
9773.5674110
9789.5110020
9796.2001570
9800.9269790
9812.6975570
9814.4209480
9819.1780080
9826.4495980
9833.4231200
9833.4231200
9849.4581450
9854.0609980
9855.7420130
9864.5971020
9867.8901480
9873.8149820
9896.0482250
9902.3567830
9949.1503210
9952.8053440
9967.0429090
9970.4623920
9974.6891910
9985.0499330
9987.6350750
9232.4959050
9258.7714400
9266.2069200
9266.2069290
9270.1500220
9271.1801040
9276.2730960
9279.7088600
9289.5623520
9291.5306730
9294.9739660
9307.8955310
9310.4438880
9317.7295410
9344.8028060
9383.2721490
9388.9307270
9399.0890590
9409.3487470
9414.0884970
9431.5995360
9467.1952870
9470.6818180
9495.4978290
9497.1890030
9505.3929010
9508.4506310
9535.6537180
9540.6660950
9561.2451660
9561.2451660
8868.8333070
8868.8333070
8874.7975760
8889.1938450
8892.9864470
8899.2983810
8905.6563300
8949.1226260
8955.8466640
8957.9859340
8967.6402690
8968.9481080
8969.8666230
8971.3639790
8995.8627150
9008.4567380
9012.5262490
9016.5902490
9017.5914280
9035.9191110
9037.8937650
9040.1228530
9045.3531610
9048.2500390
9062.5629980
9063.9599770
9068.0247730
9075.3939210
9090.8185860
9098.5743890
9106.5627580
9140.5558820
9159.0327910
9165.8949850
9178.7794720
9180.1216390
9192.5929240
9194.6500000
9203.9615990
8539.7929100
8554.9439920
8573.1204890
8575.3304480
8577.2767620
8591.8386710
8604.0165890
8605.7756470
8616.2218750
8620.4596170
8621.3224700
8623.8014220
8638.3622040
8639.4415890
8645.3086060
8649.1489770
8678.4077640
8686.0924610
8687.8479280
8693.0885270
8703.7024610
8704.8600870
8707.3591060
8709.2340290
8710.4141480
8723.7176660
8724.3760400
8732.4239470
8734.0233000
8748.0308810
8749.1696250
8758.2433760
8760.4495610
8761.6856320
8766.7449730
8775.5732100
8784.5557450
8799.0868950
8804.5893210
8816.1727800
8817.7429960
8841.1800000
8841.1832270
8205.1109700
8207.4784110
8209.4460190
8214.1471850
8231.4068280
8252.3935240
8252.3935240
8253.6155230
8275.6265060
8288.4142220
8311.6305900
8316.6036890
8320.8553560
8328.9974990
8330.4493540
8335.7066110
8356.0692270
8358.7259400
8363.0695560
8367.3935990
8379.2260370
8383.0883470
8384.7234650
8385.7279410
8387.1052850
8388.5362240
8445.4869960
8446.5115090
8464.2366350
8465.6705020
8471.8259850
8490.3058850
8510.6239370
8512.5983930
8516.5541900
7916.4414680
7916.4414680
7937.7334700
7941.7258590
7954.5922170
7956.9734260
7972.5959420
7978.9730990
7981.2261610
7987.9730760
7991.3654420
7992.1587160
7993.6807970
8024.2530020
8025.7270260
8030.2004020
8032.4312490
8037.2177640
8046.1163620
8053.3000000
8053.3079550
8062.6303680
8075.6517820
8139.9031240
8143.1379090
8149.7020970
8159.7276150
8162.0586070
8163.1209520
8169.7864430
8186.9112620
8186.9112620
8190.8848250
8205.1109700
8209.4460190
7647.3793930
7647.3800000
7652.3201170
7654.6997410
7658.3245460
7660.8903000
7670.0569550
7676.2195030
7678.1266550
7685.3074980
7704.8163830
7710.2691860
7713.9377170
7742.5628100
7771.9467530
7776.6726640
7778.4921920
7782.3165130
7788.9341150
7795.4184540
7804.5300060
7807.8758860
7814.3224280
7817.7698530
7834.4577460
7836.4597040
7841.7910420
7847.5393880
7848.4546420
7861.9094460
7864.0218060
7865.9697700
7886.2829800
7891.0744790
7891.0744790
7899.6228690
7900.3199260
7916.4414680
7392.9795990
7412.3363570
7418.5498590
7422.3113180
7425.2936500
7428.9405030
7430.2532260
7435.3677970
7436.2964600
7444.7488610
7447.8487970
7471.1636050
7481.3544540
7483.6255600
7484.3261630
7523.1347130
7525.5078480
7549.3137670
7598.2054050
7607.8230010
7618.3437870
7625.7052310
7627.1748300
7647.3793930
7652.3201170
7658.3245460
7660.8903000
7670.0569550
7150.2843920
7153.5876300
7158.8381540
7162.5564250
7167.2027420
7173.3724480
7176.7212720
7188.5320230
7191.1327930
7200.0454140
7201.8090290
7202.5161120
7206.9798820
7208.0063140
7212.6895650
7219.1514390
7220.9808600
7225.1098490
7229.9381120
7230.8622550
7240.1847730
7244.6965240
7246.1276500
7255.3540650
7258.1769430
7265.1718890
7280.4533330
7284.9032670
7285.4431680
7298.1433730
7316.0044810
7324.8072940
7328.2850140
7329.4915780
7335.5771330
7341.1514780
7342.5768580
7345.3991030
7346.3427360
7348.0538310
7350.8135370
7358.3448560
7376.8771940
7392.9795990
7412.3363570
7412.3363570
7418.5498590
6937.6637080
6943.6105230
6945.4902100
6951.4771240
6954.6560200
6960.2495430
6992.2120680
6993.0370710
7000.8036280
7002.8829090
7015.3171350
7018.5675280
7021.2831930
7025.2246440
7026.4615980
7028.0228100
7030.2509580
7032.9309720
7033.3587680
7045.7970200
7053.6195630
7054.4176770
7055.9010990
7058.4894460
7060.0416410
7060.6538040
7061.3941550
7072.3939070
7074.2563210
7075.3335590
7084.1690010
7086.7039610
7089.3394660
7107.4772910
7109.8601680
7112.9189090
7114.3983830
7124.5606890
7125.8194690
7130.7235420
7131.3585500
7132.6099870
7150.2843920
7153.5876300
7158.8381540
7162.5564250
7167.2027420
7168.8900000
7173.3724480
7176.7212720
7188.5320230
6713.9697810
6727.4600000
6728.1183040
6733.7486130
6738.1801800
6742.8842450
6753.6594610
6757.1091720
6758.2030310
6766.6120790
6778.3132760
6787.7365510
6788.8402400
6791.2348590
6796.7826390
6798.4873130
6804.7381290
6808.5315650
6812.7754030
6824.6776030
6827.2492450
6829.0355620
6834.0590860
6851.8849610
6854.1093500
6855.3154940
6861.2691790
6863.5351060
6868.4512780
6871.3000000
6874.7531920
6879.5824530
6882.8110980
6887.0881190
6889.3031440
6892.2494280
6937.6637080
6943.6105230
6945.4902100
6951.4771240
6954.6560200
6960.2495430
6522.0424200
6551.7056200
6558.8757830
6564.4449930
6569.6322130
6576.1232710
6580.2298600
6594.6645310
6596.1130030
6598.6752060
6599.4822530
6604.8534300
6617.5159590
6618.1649630
6619.9458970
6632.0835360
6638.2210290
6638.9119030
6639.7407610
6643.7000000
6646.5407490
6648.4957570
6648.9578340
6654.3683520
6658.6771880
6660.6759840
6664.0508780
6666.3586280
6672.1128940
6673.5799960
6674.6969690
6678.7068680
6680.0816260
6683.3672250
6684.2932580
6692.7263350
6694.0061060
6694.4963070
6697.7124960
6698.8743320
6711.2520130
6713.9697810
6715.1881490
6717.3848320
6722.8901530
6728.1183040
6732.6494990
6733.7486130
6738.1801800
6742.8842450
6752.8200000
6753.6594610
6757.1091720
6758.2030310
6766.6120790
6337.6203760
6339.6685920
6346.1208020
6348.7373730
6355.9107280
6357.0228900
6357.6791810
6369.5755080
6376.9306460
6379.6731030
6387.3954200
6388.8131220
6394.7298450
6399.2075310
6400.6975920
6406.4458870
6408.9037510
6413.6142410
6416.3000000
6418.3704140
6422.8977020
6428.7737440
6441.9005830
6446.7709490
6450.9543020
6452.0586730
6455.2646890
6457.2800000
6460.4746030
6471.2136170
6472.4299140
6475.3233420
6483.0833000
6487.4807590
6488.8830050
6490.7373780
6493.1974880
6497.4904300
6501.9913450
6503.5119160
6506.9867020
6522.0424200
6551.7056200
6558.8757830
6564.4449930
6569.6322130
6151.9931360
6154.0679770
6155.2383040
6157.0875490
6161.3527830
6173.0958690
6178.4313090
6180.7049360
6187.1350680
6200.4328550
6205.8599370
6208.6869510
6215.9395480
6220.0115960
6226.3696160
6234.8552740
6239.7137350
6240.9535080
6243.1205790
6245.0409850
6246.1744310
6248.4054880
6258.6064450
6271.5456630
6274.1171340
6277.2401610
6279.1633110
6284.2622020
6285.2780730
6287.2554220
6291.1913940
6296.8734310
6300.9164430
6303.2509030
6304.2424810
6307.6574240
6309.1600480
6310.8101150
6315.7747810
6317.1833970
6326.3666010
6331.4142290
6337.6203760
6339.6685920
6346.1208020
6348.7373730
6355.9107280
6357.0228900
6357.6791810
6359.6743390
6369.5755080
6376.9306460
6379.6731030
6387.3954200
6388.8131220
5987.3010340
5989.0448790
5991.0064370
5998.9984130
6001.2032230
6005.1653800
6007.0717070
6010.1604030
6013.6775810
6015.4218380
6021.0359540
6030.4446340
6032.8725130
6035.1929450
6038.6808940
6042.5898160
6050.9813540
6052.7231910
6053.3808810
6055.5935610
6073.1034050
6077.1062300
6077.8734440
6078.4217200
6079.2231550
6087.2622390
6088.0301470
6098.1199950
6098.8032760
6101.1616570
6101.7252990
6105.6350220
6107.5332180
6112.8374050
6113.4656840
6114.9300000
6116.1660350
6120.5561420
6123.3620880
6124.4803500
6136.2355590
6136.7020680
6139.6504090
6141.2242570
6150.6830970
6151.9931360
6154.0679770
6155.2383040
6157.0875490
6161.3527830
6165.1233060
6173.0958690
6178.4313090
6180.7049360
6187.1350680
6189.1441260
6200.4328550
6205.8599370
6208.6869510
6215.9395480
5834.2643040
5852.6809440
5853.4745140
5854.1204290
5860.3108100
5860.3108100
5863.7191190
5869.8511860
5871.1824070
5882.6244290
5885.7010970
5886.5312290
5891.4507900
5895.2814040
5895.9240280
5896.3631740
5899.8440540
5902.6015740
5905.5707640
5911.2302850
5918.9454990
5925.4042190
5926.2318660
5929.9339240
5937.6632350
5944.6472670
5948.7986530
5955.5612930
5956.2572600
5960.7820450
5964.4729560
5968.3191560
5969.7368050
5975.0654920
5985.9152850
5986.2661950
5987.3010340
5989.0448790
5991.0064370
5993.4928760
5996.6295420
5998.9984130
6001.2032230
6005.1653800
6007.0717070
6010.1604030
6013.6775810
6015.4218380
6021.0359540
6023.2246360
6026.0451850
6027.2479320
6029.6496550
6030.4446340
6032.8725130
6035.1929450
6038.6808940
6042.5898160
6050.9813540
6052.7231910
6053.3808810
5707.1000000
5707.1031370
5717.1708060
5725.3881110
5727.7100120
5736.0294220
5739.5201880
5741.1710370
5741.8292960
5748.7412220
5749.3890720
5753.0269270
5763.5284560
5768.1810740
5776.1673280
5777.4002240
5783.5379500
5789.6448140
5790.4021190
5792.4307230
5796.0689330
5797.3197840
5798.4787750
5800.8298070
5802.0815950
5808.6564960
5811.8442560
5815.4216550
5818.4490350
5819.6026120
5822.7929430
5828.0756570
5829.1107500
5830.8273860
5832.3704280
5834.2643040
5838.9496660
5840.6400000
5843.8049480
5845.9195460
5852.6809440
5853.4745140
5854.1204290
5860.3108100
5863.7191190
5866.8121910
5868.3743780
5869.8511860
5871.1824070
5872.6023990
5882.6244290
5885.7010970
5886.5312290
5889.9500000
5891.4507900
5895.2814040
5895.9240280
5899.8440540
5539.2618000
5548.1760130
5557.0454270
5558.7000000
5559.8910480
5576.2041810
5579.3575440
5580.0771080
5583.7624800
5593.6124660
5595.0643940
5597.4767460
5601.6030670
5604.5151660
5610.6805380
5612.0676460
5618.0143360
5620.9216200
5625.6784310
5631.1556680
5633.2948050
5639.7460330
5646.4531950
5648.9909540
5650.7051200
5657.9252060
5663.0416720
5664.6208550
5665.1795560
5665.6282880
5667.1279840
5673.8360930
5677.0525420
5683.7306330
5685.1925770
5687.3484490
5696.3904160
5698.2946090
5702.6514640
5704.3766680
5707.1031370
5717.1708060
5725.3881110
5727.7100120
5736.0294220
5739.5201880
5741.1710370
5741.8292960
5748.7412220
5749.3890720
5410.7684180
5417.4900000
5424.0074030
5425.6778240
5431.1115930
5434.1516760
5440.6011430
5449.4797900
5451.6520500
5452.2186600
5454.3058230
5464.2050690
5470.7587440
5479.0742960
5490.1189760
5492.6439350
5493.2043960
5494.3313920
5495.8750790
5496.1376020
5501.2809550
5503.2656100
5504.3015900
5506.9195630
5508.5585820
5509.9931040
5514.3759460
5514.8731060
5521.7530800
5524.9564760
5527.2945420
5530.0755240
5530.6968400
5535.9709080
5537.5558810
5539.2618000
5539.9106390
5541.5826690
5542.8906410
5545.0504490
5546.1207300
5548.1760130
5555.5311910
5556.1484670
5557.0454270
5559.8910480
5576.2041810
5579.3575440
5580.0771080
5580.7550590
5583.7624800
5593.6124660
5595.0643940
5597.4767460
5599.6550010
5601.6030670
5604.5151660
5298.2824470
5300.5232530
5310.2665590
5312.0017780
5317.4944400
5320.7699260
5326.9756580
5340.4980650
5343.5811730
5344.5243210
5345.3114700
5346.3779270
5347.9717820
5351.1268570
5354.6013940
5355.6361150
5360.1495110
5361.1552630
5362.5752350
5370.7093200
5372.7022050
5374.8215670
5375.3525180
5378.8352150
5379.1102190
5382.9272390
5386.6107130
5388.0510830
5391.0762880
5392.5727870
5394.7612040
5397.5166160
5398.2057320
5398.7021010
5399.1752000
5399.6221620
5400.1461640
5402.6050400
5403.1992720
5407.6530060
5410.7684180
5412.4463700
5424.0074030
5425.6778240
5426.4066730
5431.1115930
5434.1516760
5437.3883470
5438.1378870
5440.6011430
5449.4797900
5451.6520500
5452.2186600
5454.3058230
5464.2050690
5465.5000000
5470.7587440
5158.6000000
5158.6047540
5162.2858140
5163.4580740
5194.4572340
5195.8133060
5205.1529040
5209.7247260
5211.2306080
5216.5965800
5218.5278440
5219.1102600
5221.8624810
5228.2246790
5230.5004310
5233.2254290
5238.8130710
5240.1963950
5247.6548590
5249.5455740
5250.8728100
5256.5628890
5258.3601320
5260.1044440
5266.7102920
5272.9270400
5274.1186690
5281.0684570
5281.6286740
5286.0695210
5286.8869500
5291.8166200
5293.8118520
5294.3969380
5295.0885400
5298.2824470
5300.5232530
5306.9863800
5307.4654920
5310.2665590
5312.0017780
5317.4944400
5320.7699260
5326.9756580
5343.5811730
5343.5811730
5064.6017340
5064.9448820
5065.1920560
5081.4463770
5096.4849190
5098.0433430
5101.1294480
5111.2778080
5115.0444940
5122.4997940
5128.4904030
5134.7464590
5137.4739050
5145.3086100
5148.2116310
5149.2069580
5154.2420140
5158.6047540
5161.5395210
5162.2858140
5163.4580740
5165.7729810
5173.6720330
5174.7993630
5175.3252120
5183.9902520
5184.4540170
5186.4130270
5190.8711760
5194.4572340
5195.8133060
5199.1570000
5205.1529040
5209.7247260
5211.2306080
5216.5965800
5219.1102600
4933.2096970
4939.6416030
4965.7322150
4980.1858970
4982.4869310
4985.3720210
4987.1467150
4989.3083720
4993.7491460
5002.0973560
5003.5986960
5009.3352980
5016.5354110
5019.8060820
5023.7084410
5029.8915910
5039.2305220
5041.6006590
5043.5155430
5045.2483160
5046.3532350
5047.0437440
5050.7842720
5051.8886190
5057.9862890
5061.6561030
5062.9323890
5063.5146320
5064.6017340
5064.9448820
5065.1920560
5066.1354020
5066.7771820
5067.1378030
5081.4463770
5084.9942510
5090.5000000
5096.4849190
5098.0433430
5101.1294480
4840.8427400
4840.8427400
4848.3627420
4850.4398750
4868.8807250
4871.2885900
4874.3642340
4878.0094600
4878.7331350
4881.2046770
4882.2437390
4887.9481960
4889.4903140
4892.7596640
4893.4452280
4902.7929550
4910.1569090
4919.8160590
4919.8160590
4927.2996970
4929.0857140
4929.9864130
4933.2096970
4937.8292310
4939.6416030
4946.6628190
4950.6263540
4961.7265850
4965.7322150
4968.7556340
4980.1858970
4982.4869310
4985.3720210
4985.3720210
4989.3083720
4732.0540320
4749.1998310
4752.4140270
4764.3463470
4765.5954740
4766.6010690
4775.3136910
4775.7943150
4777.1917330
4782.7611940
4786.5306320
4787.1474990
4789.3863390
4793.2448800
4795.9138190
4800.1714330
4809.6146550
4812.3761110
4817.0207180
4818.6478710
4819.1931680
4820.8849940
4823.6057180
4823.9966820
4829.7969170
4831.1209440
4831.5974250
4832.8024150
4840.4752420
4840.8427400
4845.1630060
4848.3627420
4849.8620410
4850.4398750
4852.8687080
4858.3325260
4868.8807250
4871.2885900
4874.3642340
4878.0094600
4878.7331350
4881.2046770
4882.2437390
4887.9481960
4663.2029710
4668.1714240
4669.9842490
4683.3515360
4686.1947000
4690.6223090
4694.0915830
4695.4544380
4708.2936400
4720.4576230
4721.5903080
4722.0887470
4729.1283670
4729.8798290
4732.0540320
4739.6767340
4742.1175010
4749.1998310
4752.4140270
4764.3463470
4765.5954740
4766.6010690
4775.7943150
4787.1474990
4789.3863390
4564.4058220
4567.2399460
4570.9721610
4579.8272780
4588.4264180
4592.6664300
4598.7629490
4603.1437670
4608.6194410
4611.2444530
4612.5439280
4613.6040100
4624.3143510
4627.2980840
4628.4410480
4638.6845820
4647.2501930
4650.2346140
4651.9893840
4663.2029710
4668.1714240
4669.9842490
4683.3515360
4686.1947000
4686.1947000
4690.6223090
4694.0915830
4474.7600000
4475.2214860
4480.8248810
4482.1697030
4483.3472890
4486.8976140
4487.4957890
4488.6792080
4489.6648580
4490.9821550
4498.5390670
4499.9832240
4502.9271160
4505.2163420
4513.2226270
4513.6799400
4515.1182280
4519.2592160
4530.5523300
4532.2576320
4534.1190770
4537.6422500
4540.9989180
4547.7591590
4558.3459450
4564.4058220
4564.8353130
4567.2399460
4568.1423710
4570.9721610
4579.8272780
4588.4264180
4589.9000000
4592.6664300
4378.1768240
4379.6672090
4381.8599860
4385.0572740
4391.1108810
4392.9741020
4401.5809300
4402.9267980
4414.4863180
4416.8450340
4422.0481130
4423.7201510
4426.0000000
4430.9964940
4432.2521820
4432.9627620
4433.8382180
4439.4614960
4448.8797690
4449.5201600
4452.5659190
4458.0015770
4460.5573490
4461.2410780
4461.5276660
4463.6663430
4465.3403070
4469.5254010
4475.2214860
4478.5955780
4480.8248810
4482.1697030
4483.3472890
4486.8976140
4487.4957890
4488.6792080
4489.6648580
4490.9821550
4498.5390670
4499.9832240
4502.9271160
4505.2163420
4300.6499460
4307.1760750
4315.2544710
4318.4156610
4320.1264310
4328.9154430
4332.0298550
4340.8951670
4342.4439710
4353.4488310
4356.5214090
4357.6134560
4358.3202930
4359.3725550
4362.0666310
4363.7947300
4365.9302050
4369.8755710
4372.4895220
4378.1768240
4379.2138950
4379.6672090
4381.8599860
4385.0572740
4387.7346460
4391.1108810
4392.9741020
4401.5809300
4402.9267980
4414.4863180
4181.8834060
4217.4308280
4222.6373510
4226.9874810
4228.1579370
4235.4637860
4253.5388310
4255.2371910
4256.2536470
4258.5199510
4260.3325180
4266.2864580
4266.5273250
4269.9422830
4272.1700000
4272.8743470
4273.3574390
4276.8071890
4278.3229070
4280.5670190
4281.0681580
4281.4147630
4282.8977130
4288.6688000
4291.8097230
4300.6499460
4307.1760750
4308.1218050
4311.7992730
4315.2544710
4320.1264310
4328.9154430
4332.0298550
4142.7009270
4156.0857260
4165.7663460
4168.6340600
4170.5330900
4178.0594090
4178.8486050
4181.8834060
4181.8834060
4184.1376340
4194.9361080
4208.4111580
4210.9230210
4213.0671170
4217.4308280
4222.6373510
4226.9874810
4227.3872970
4228.1579370
4230.4261110
4235.4637860
4256.2536470
4030.8424360
4072.3848200
4075.5030040
4076.6287450
4076.9433440
4083.4689110
4085.4337510
4086.5205920
4089.1376210
4093.6716180
4094.7474030
4096.0765490
4097.7472860
4100.3412690
4102.6177550
4107.0503200
4108.4197320
4109.3236340
4115.7588230
4116.7134320
4128.6401450
4131.0020950
4142.7009270
4156.0857260
4165.7663460
4170.5330900
4181.8834060
4181.8834060
3994.7920910
4008.2102880
4019.1288070
4024.8022300
4029.8261370
4030.2926330
4030.8424360
4032.5957360
4035.4604370
4036.0478640
4036.5654490
4038.2291900
4038.8048570
4041.2033960
4042.8943580
4043.3950460
4044.4180420
4045.9654360
4049.9445720
4052.9210100
4054.5263270
4059.2528610
4063.4070730
4064.3315610
4067.4509780
4069.2019200
4070.2381600
4072.3848200
4075.5030040
4076.6287450
4076.9433440
4083.4689110
4085.4337510
4086.5205920
4089.1376210
3928.6235740
3928.6235740
3950.3953970
3967.3921120
3972.1543380
3974.4765670
3979.3557790
3994.5495340
3994.7920910
3994.7920910
4019.1288070
4030.8424360
4030.8424360
3850.5814780
3868.5286240
3868.5286240
3873.8221020
3891.9792580
3895.4192640
3895.4192640
3914.7682550
3916.4174360
3923.7994000
3925.7191620
3928.6235740
3928.6235740
3929.6692030
3932.5468550
3932.9113320
3809.4562260
3809.4562260
3828.3846200
3830.7736950
3834.6782390
3837.8754850
3845.4055110
3850.5814780
3850.5814780
3868.5286240
3873.8221020
3891.9792580
3891.9792580
3737.5125350
3764.1923950
3771.3708270
3771.3708270
3783.2964250
3786.3830000
3790.7950140
3809.4562260
3809.4562260
3818.6852740
3823.0673560
3825.6724580
3826.8073330
3828.3846200
3828.3846200
3830.0604350
3830.7736950
3833.0857840
3719.4347280
3729.3081360
3737.5125350
3737.5125350
3764.1923950
