2.458331340824170038e+06 5.256784003229668656e-01
2.458331341356569901e+06 5.052852447736650987e-01
2.458331341900540050e+06 4.190288872857834690e-01
2.458331342444510199e+06 4.193607906249372519e-01
2.458331342988479882e+06 4.121644857951576313e-01
2.458331343520880211e+06 5.060811352912271133e-01
2.458331344064849894e+06 4.266471103460212078e-01
2.458331344608820044e+06 4.985405307362391625e-01
2.458331345152799971e+06 4.749323472790223377e-01
2.458331345685190056e+06 4.679262005860849172e-01
2.458331346229160205e+06 4.654346923480936482e-01
2.458331346773140132e+06 3.968520657091776371e-01
2.458331347305530217e+06 5.304068107143500299e-01
2.458331347849510144e+06 4.767631840515882402e-01
2.458331348393479828e+06 4.385562672397220751e-01
2.458331348937449977e+06 4.343576216581155336e-01
2.458331349481420126e+06 5.119747860472685375e-01
2.458331350025389809e+06 4.518465725289431134e-01
2.458331350569359958e+06 4.610589960127029485e-01
2.458331351113330107e+06 4.406743746949910445e-01
2.458331352652660105e+06 3.936780787675626669e-01
2.458331353185059968e+06 4.644402298035661403e-01
2.458331353729030117e+06 4.738137200485574851e-01
2.458331354272999801e+06 4.817540084795872701e-01
2.458331354805400129e+06 4.345139046622943368e-01
2.458331355349369813e+06 4.384172925059353076e-01
2.458331355893339962e+06 4.698588752172714322e-01
2.458331356425739825e+06 4.221383601627550775e-01
2.458331356969709974e+06 4.566735927394613981e-01
2.458331357502109837e+06 4.819649134262871115e-01
2.458331358034499921e+06 4.532940300607570805e-01
2.458331358578470070e+06 4.669270306599031528e-01
2.458331359110869933e+06 4.378417653126494002e-01
2.458331359654840082e+06 3.872409178639664162e-01
2.458331360198820010e+06 4.337776740774579309e-01
2.458331360731210094e+06 4.027875707874635225e-01
2.458331361275179777e+06 4.346854267628508239e-01
2.458331361830729991e+06 4.494547550013905379e-01
2.458331362363129854e+06 4.525243993699596956e-01
2.458331362883950118e+06 4.512576740519165241e-01
2.458331364353829995e+06 4.207311322115554475e-01
2.458331364897800144e+06 4.524770773879343011e-01
2.458331365430200007e+06 4.303343433556428010e-01
2.458331365974170156e+06 4.774656960872327716e-01
2.458331366506570019e+06 4.899885791372931010e-01
2.458331367050540168e+06 4.191165310593429894e-01
2.458331367606089916e+06 4.236261436029735705e-01
2.458331368126910180e+06 3.811441278464080540e-01
2.458331368682459928e+06 4.611163335331660562e-01
2.458331369214850012e+06 4.358267372904123249e-01
2.458331369770400226e+06 4.387197950590433493e-01
2.458331370302800089e+06 3.976878230726530461e-01
2.458331370846769772e+06 4.292148212630113591e-01
2.458331371379159857e+06 4.196198213097090957e-01
2.458331371934710070e+06 4.345813003364842331e-01
2.458331372467109933e+06 4.354420469942432703e-01
2.458331372999509797e+06 3.907355277310831099e-01
2.458331373531899881e+06 3.592454239505897817e-01
2.458331374064300209e+06 4.248671522469233963e-01
2.458331374596700072e+06 3.998563317678751616e-01
2.458331375129099935e+06 4.431217700462610765e-01
2.458331375673070084e+06 4.169811733027177780e-01
2.458331376205460168e+06 4.867214366204333231e-01
2.458331376737860031e+06 4.546222840839373447e-01
2.458331377281830180e+06 4.225910362916174279e-01
2.458331377825799864e+06 3.985602057747179572e-01
2.458331378358200192e+06 3.825231215300828325e-01
2.458331378902169876e+06 4.211680071456100904e-01
2.458331379457720090e+06 3.967291410433642085e-01
2.458331379978539888e+06 4.001560782827269236e-01
2.458331380522510037e+06 4.658707647461071133e-01
2.458331381066489965e+06 3.938440180338158569e-01
2.458331381610460114e+06 4.273418103895743059e-01
2.458331382142859977e+06 4.101365556969920334e-01
2.458331382686830126e+06 4.120840586497784841e-01
2.458331383219220210e+06 3.823744921060558966e-01
2.458331383763200138e+06 4.634322069523673093e-01
2.458331384318740107e+06 4.175635218547881777e-01
2.458331384851139970e+06 4.276751501769382457e-01
2.458331385395110119e+06 4.507773029774728712e-01
2.458331385939079802e+06 4.057283776661240182e-01
2.458331386471480131e+06 3.729317945595376216e-01
2.458331387027020101e+06 4.049394012812932431e-01
2.458331387571000028e+06 4.322551047661367107e-01
2.458331388103390113e+06 4.456910525236121856e-01
2.458331388635789976e+06 3.983146146457787751e-01
2.458331389168189839e+06 3.816086031243450805e-01
2.458331389723729808e+06 3.710798611588597140e-01
2.458331390256130137e+06 4.277146179475828092e-01
2.458331390788530000e+06 4.167916911285765025e-01
2.458331391332500149e+06 4.341840397189731249e-01
2.458331391876469832e+06 4.403365749936103413e-01
2.458331392420439981e+06 4.620716885698747944e-01
2.458331392952839844e+06 4.002431997975151035e-01
2.458331393496809993e+06 4.071919131924595092e-01
2.458331394029209856e+06 3.721158013369176842e-01
2.458331394584760070e+06 4.705550771061357551e-01
2.458331395128730219e+06 4.196086447645370754e-01
2.458331395661119837e+06 3.983059195667415509e-01
2.458331396193520166e+06 4.267378826335708197e-01
2.458331396725920029e+06 4.911889622653209386e-01
2.458331397269890178e+06 3.565231687830312524e-01
2.458331397813859861e+06 5.125550276567771846e-01
2.458331398346260190e+06 3.829693452393243547e-01
2.458331398901809938e+06 4.314956637182412180e-01
2.458331399422630202e+06 4.434018843850857650e-01
2.458331399978170171e+06 4.370632850510318690e-01
2.458331400510570034e+06 4.564256327312108397e-01
2.458331401066119783e+06 4.113025221792270258e-01
2.458331401586940046e+06 4.107233840605388764e-01
2.458331402130910195e+06 4.728507846202543163e-01
2.458331402663310058e+06 4.498690427102349787e-01
2.458331403230430093e+06 3.646621838860486520e-01
2.458331403762829956e+06 4.488739756327539965e-01
2.458331404295220040e+06 4.537275254731234497e-01
2.458331404839199968e+06 4.200849830319413059e-01
2.458331405383170117e+06 4.262144361670383574e-01
2.458331405927139800e+06 4.202703420180551319e-01
2.458331406471109949e+06 4.460191132464590424e-01
2.458331407015080098e+06 3.908407272926268661e-01
2.458331407547479961e+06 4.744111392527354809e-01
2.458331408091450110e+06 4.374943136046560710e-01
2.458331408635419793e+06 4.703724765461547719e-01
2.458331409167820122e+06 4.356250824183884873e-01
2.458331409711789805e+06 4.261195158773105618e-01
2.458331410244190134e+06 4.287357247392105108e-01
2.458331410788159817e+06 4.190695452214256989e-01
2.458331411320560146e+06 4.747986577235216998e-01
2.458331411876100115e+06 4.592990558439868920e-01
2.458331412408499978e+06 4.512207540250656734e-01
2.458331412964050192e+06 4.886761997154387416e-01
2.458331413496439811e+06 4.793521724071805323e-01
2.458331414017269854e+06 4.934771374659252530e-01
2.458331414549659938e+06 4.402252896382083946e-01
2.458331415093639866e+06 4.555297277604317685e-01
2.458331415626029950e+06 5.214689598427604267e-01
2.458331416170000099e+06 4.332000792782242371e-01
2.458331416702399962e+06 4.531207158931103152e-01
2.458331417246370111e+06 5.129829772014176115e-01
2.458331417790350039e+06 4.061621736418494777e-01
2.458331419572719838e+06 4.593281111051972232e-01
2.458331420105120167e+06 4.724411648994131241e-01
2.458331420649089850e+06 4.504522130751507092e-01
2.458331421204629820e+06 4.796776540612057715e-01
2.458331421737030149e+06 4.898706544014395092e-01
2.458331422292579897e+06 4.627117644786871153e-01
2.458331422836550046e+06 4.839495155468522825e-01
2.458331423380520195e+06 5.451495242913626527e-01
2.458331423936069943e+06 4.923563412884988111e-01
2.458331424503180198e+06 4.690040197623339679e-01
2.458331425024009775e+06 4.387104828375747445e-01
2.458331425567979924e+06 4.932290259277927191e-01
2.458331426111950073e+06 4.346559636123803472e-01
2.458331426632769872e+06 4.734225845129458321e-01
2.458331427165170200e+06 5.071510715214628817e-01
2.458331427709139884e+06 5.385699442028020201e-01
2.458331428253119811e+06 4.532319083259785941e-01
2.458331428797089960e+06 4.810445742899940313e-01
2.458331429329480045e+06 5.055009641863712488e-01
2.458331429885029793e+06 5.251984235198783324e-01
2.458331430417430121e+06 3.758583623704119248e-01
2.458331430949820206e+06 4.707973591510139499e-01
2.458331431493800133e+06 4.760277768635994278e-01
2.458331432026190218e+06 4.486969419994686348e-01
2.458331432570170145e+06 4.464374186155630753e-01
2.458331433102560230e+06 4.402111314828403010e-01
2.458331433658109978e+06 4.961809695583223601e-01
2.458331434190509841e+06 4.628598782740702688e-01
2.458331434746049810e+06 4.140658895874747003e-01
2.458331435278450139e+06 4.623820507626152931e-01
2.458331435810850002e+06 4.284061796333968886e-01
2.458331436354820151e+06 4.234832150829994646e-01
2.458331436887209769e+06 4.579362691142314645e-01
2.458331437431190163e+06 4.826281813954516053e-01
2.458331437975159846e+06 4.613420553833122995e-01
2.458331438519129995e+06 4.421922168498415573e-01
2.458331439051529858e+06 4.167466450210568496e-01
2.458331439607069828e+06 4.464069882389516408e-01
2.458331440127899870e+06 4.641245250191339267e-01
2.458331440660289954e+06 4.510741072613413394e-01
2.458331441204260103e+06 3.978635745280101332e-01
2.458331441736659966e+06 4.571080644441227747e-01
2.458331442292210180e+06 4.127938146683725051e-01
2.458331442824610043e+06 4.761186208862877578e-01
2.458331443357000127e+06 4.571987065743705614e-01
2.458331443900969811e+06 4.298846044853039672e-01
2.458331444433370139e+06 4.411348150782643529e-01
2.458331444988919888e+06 4.328794122173054149e-01
2.458331445509740151e+06 4.316793314559443928e-01
2.458331446053709835e+06 4.088915762422935529e-01
2.458331446597679984e+06 3.888346154839013025e-01
2.458331447153230198e+06 4.410717728023509920e-01
2.458331447685630061e+06 4.038083284739144574e-01
2.458331448218020145e+06 4.116402937860961231e-01
2.458331448750420008e+06 4.370764609680275470e-01
2.458331449294390157e+06 4.076557788940373683e-01
2.458331449838359840e+06 3.483301292137959138e-01
2.458331450382339768e+06 4.399144904607030782e-01
2.458331450914729852e+06 4.044881775719986194e-01
2.458331451458700001e+06 4.078048888339083078e-01
2.458331452951730229e+06 4.465504285428565368e-01
2.458331453484130092e+06 3.981478084565335251e-01
2.458331454028099775e+06 3.655350674630497565e-01
2.458331454560500104e+06 3.736896381863079597e-01
2.458331455104469787e+06 3.849273444737679739e-01
2.458331455636870116e+06 3.848985839134275722e-01
2.458331456180839799e+06 3.829785232629312475e-01
2.458331456724809948e+06 3.540398316842150450e-01
2.458331457268780097e+06 3.828422516282650179e-01
2.458331457801179960e+06 4.355992204043808158e-01
2.458331458356730174e+06 3.639920804931460196e-01
2.458331458889119793e+06 4.401585857512699818e-01
2.458331459421520121e+06 3.914128770608709118e-01
2.458331459965489805e+06 4.164806847690343261e-01
2.458331460521040019e+06 4.568366551322231572e-01
2.458331461041859817e+06 3.919287203927357410e-01
2.458331461585829966e+06 4.147636044781854991e-01
2.458331462129800115e+06 4.015456855938914771e-01
2.458331462662199978e+06 3.794907063229100430e-01
2.458331463217750192e+06 3.690211416275346323e-01
2.458331463750139810e+06 3.309296575012297126e-01
2.458331464282540139e+06 3.807712106043883438e-01
2.458331464826509822e+06 3.934069348656183962e-01
2.458331465370479971e+06 3.881244266884902316e-01
2.458331465902879834e+06 3.918992615599563578e-01
2.458331466446849983e+06 4.013299778893166803e-01
2.458331466979249846e+06 3.379008601058277605e-01
2.458331467523219995e+06 3.701141184220251290e-01
2.458331468078770209e+06 4.503847105060962974e-01
2.458331468611159828e+06 3.964265908933164440e-01
2.458331469143560156e+06 4.234885384243387563e-01
2.458331469687529840e+06 4.155381190618872012e-01
2.458331470219930168e+06 3.728072521102987480e-01
2.458331470763899852e+06 4.031308980865020430e-01
2.458331471296300180e+06 3.933820540579269220e-01
2.458331471840269864e+06 3.708511634767095444e-01
2.458331472384240013e+06 3.826657482351585315e-01
2.458331472928210162e+06 3.462615605165808574e-01
2.458331473460610025e+06 3.452553938464788530e-01
2.458331473993009888e+06 3.762168522496569523e-01
2.458331474525410216e+06 3.657896299515712712e-01
2.458331475069379900e+06 3.842487009175830082e-01
2.458331475613350049e+06 3.345086299229080851e-01
2.458331476157320198e+06 3.865200331809894863e-01
2.458331476689720061e+06 3.767517576796688417e-01
2.458331477233690210e+06 3.974112056953948979e-01
2.458331477766090073e+06 3.575010841986170362e-01
2.458331478310060222e+06 3.696522138545184077e-01
2.458331478842460085e+06 3.567266110791447176e-01
2.458331479386429768e+06 3.572797103309444111e-01
2.458331479930399917e+06 4.208096032896868621e-01
2.458331480462799780e+06 3.627593107604347722e-01
2.458331481006769929e+06 3.938218731896689917e-01
2.458331481539169792e+06 3.594578790345472896e-01
2.458331482083139941e+06 3.575497819081689954e-01
2.458331482615539804e+06 3.774755141198440356e-01
2.458331483159509953e+06 3.598172974419178161e-01
2.458331483703480102e+06 2.911009407433251539e-01
2.458331484235879965e+06 3.046680508011103683e-01
2.458331484768270049e+06 3.609375363750171317e-01
2.458331487326100003e+06 3.239193076864630427e-01
2.458331487858490087e+06 3.776714665957765504e-01
2.458331488402470015e+06 4.061823779079798413e-01
2.458331488958009984e+06 3.566812313883129804e-01
2.458331489478829782e+06 3.893285781479978169e-01
2.458331490022810176e+06 3.202614060972113208e-01
2.458331490566779859e+06 2.971210139572804110e-01
2.458331491099169943e+06 3.411081245517202376e-01
2.458331491643149871e+06 3.528302834373313601e-01
2.458331492175539955e+06 3.405864777373999175e-01
2.458331492719519883e+06 3.803420607337120174e-01
2.458331493263490032e+06 3.720639356308339529e-01
2.458331493807460181e+06 3.374655631313352444e-01
2.458331494339860044e+06 3.524223250258877727e-01
2.458331494883830193e+06 3.642057145263617457e-01
2.458331495416219812e+06 3.762136356424825578e-01
2.458331495960200205e+06 3.235587823255592355e-01
2.458331496504169889e+06 3.649271209474829192e-01
2.458331497036559973e+06 4.137608346659433778e-01
2.458331497592110187e+06 3.531487521874794311e-01
2.458331498124510050e+06 3.950022540682489591e-01
2.458331498656909913e+06 3.659752421485187313e-01
2.458331499200880062e+06 3.270552179810142235e-01
2.458331499756420031e+06 3.709598361117514287e-01
2.458331500288819894e+06 3.131561521666501591e-01
2.458331500809640158e+06 3.345012692219846429e-01
2.458331501353609841e+06 3.605286601469028795e-01
2.458331501897589769e+06 3.395631592455572445e-01
2.458331502453130204e+06 3.679372506876674720e-01
2.458331502985530067e+06 3.655069023404031725e-01
2.458331503529500216e+06 3.106744150749314315e-01
2.458331504061900079e+06 2.875139049202246611e-01
2.458331504594299942e+06 3.943975626440092697e-01
2.458331505149839912e+06 3.732252002523175349e-01
2.458331505693810061e+06 3.401405610884449260e-01
2.458331506226209924e+06 3.708875213965896478e-01
2.458331506770180073e+06 3.224516247856996642e-01
2.458331507302579936e+06 4.301981114479929147e-01
2.458331507846550085e+06 3.876941389319732423e-01
2.458331508378949948e+06 3.577187666880625727e-01
2.458331508911340032e+06 3.583123031934238867e-01
2.458331509455319960e+06 3.266425164443411688e-01
2.458331509999290109e+06 4.007267399078493497e-01
2.458331510531680193e+06 4.175493823575173735e-01
2.458331511087229941e+06 3.539766849323946474e-01
2.458331511619629804e+06 2.933296255696902222e-01
2.458331512152030133e+06 4.153949122315037101e-01
2.458331512684420217e+06 3.865763516632760854e-01
2.458331513239969965e+06 3.771254621865409717e-01
2.458331513772369828e+06 3.839823271528342019e-01
2.458331514327909797e+06 3.907608265196902408e-01
2.458331514860310126e+06 4.073207474840732090e-01
2.458331515392709989e+06 3.878142264504766956e-01
2.458331515925100073e+06 3.829493780355619492e-01
2.458331516457499936e+06 4.080374418068366538e-01
2.458331517001470085e+06 4.087589260177715289e-01
2.458331517545439769e+06 3.645097934416909879e-01
2.458331518077840097e+06 3.835176435362193104e-01
2.458331518633389845e+06 4.223982148864706687e-01
2.458331519165779930e+06 4.342165749634574468e-01
2.458331522024529986e+06 4.273348236696321578e-01
2.458331522568500135e+06 3.619313347517305601e-01
2.458331523100899998e+06 4.269150322363550742e-01
2.458331523644870147e+06 4.075686746834126239e-01
2.458331524188839830e+06 4.237429294871510876e-01
2.458331524721240159e+06 5.021752872201830087e-01
2.458331525265209842e+06 4.345227107585287740e-01
2.458331525809179991e+06 4.260394193093155479e-01
2.458331526329999790e+06 4.197057552576382022e-01
2.458331526873969939e+06 3.852651828077924279e-01
2.458331527429520153e+06 3.754265716288394117e-01
2.458331527950339951e+06 4.218903080010676376e-01
2.458331528505890165e+06 4.058164450270975721e-01
2.458331529026709963e+06 4.438807277277803109e-01
2.458331529582260177e+06 4.292045445225625144e-01
2.458331530126229860e+06 3.782713707283704707e-01
2.458331530647050124e+06 4.041375750005364864e-01
2.458331531191019807e+06 4.333693321790406117e-01
2.458331531723420136e+06 4.254110988430781504e-01
2.458331532267389819e+06 4.229631499618715651e-01
2.458331532811359968e+06 4.256954127338037353e-01
2.458331533355339896e+06 4.702800252423173788e-01
2.458331533887729980e+06 4.299052863170196304e-01
2.458331534443280194e+06 4.428225562455931907e-01
2.458331534975680057e+06 4.771341224730392128e-01
2.458331535508070141e+06 4.130733361175416007e-01
2.458331536063619889e+06 4.237516687769904422e-01
2.458331536607590038e+06 4.219480719914336930e-01
2.458331537128409836e+06 4.504927179195910014e-01
2.458331537672390230e+06 3.935488207135779959e-01
2.458331538204779848e+06 4.408090061142377891e-01
2.458331538760330062e+06 4.877155088884634893e-01
2.458331539304300211e+06 4.045304213004516924e-01
2.458331539825120009e+06 4.617476256037065241e-01
2.458331540369090158e+06 4.430637364501901487e-01
2.458331540913070086e+06 4.623366876113372825e-01
2.458331541445460171e+06 4.324455419077786189e-01
2.458331541989429854e+06 4.775421507584756142e-01
2.458331542521830183e+06 4.358429242505046375e-01
2.458331543077379931e+06 3.751496340462576740e-01
2.458331543609779794e+06 3.722044039332494947e-01
2.458331544142169878e+06 4.233927715048722007e-01
2.458331544697720092e+06 4.634193023237180853e-01
2.458331545230119955e+06 4.712641336607834575e-01
2.458331545774090104e+06 4.384780146344500196e-01
2.458331546318059787e+06 3.933568364325150668e-01
2.458331546850460116e+06 4.162892116606826676e-01
2.458331547382850200e+06 4.242917337615743634e-01
2.458331547926830128e+06 4.395643123652739348e-01
2.458331548482370097e+06 4.691291989054615641e-01
2.458331549014769960e+06 4.264225239738905771e-01
2.458331549558740109e+06 4.296653846399536292e-01
2.458331550091139972e+06 4.257894091350564736e-01
2.458331550623530056e+06 4.500706772810403322e-01
2.458331551167500205e+06 4.553294295067864539e-01
2.458331551723049954e+06 4.324287008592353487e-01
2.458331552255449817e+06 4.589024652553153061e-01
2.458331552787850145e+06 4.419311691007816734e-01
2.458331553343390115e+06 4.403653559551923280e-01
2.458331553875789978e+06 4.646750757884419158e-01
2.458331555310950149e+06 4.536740241366921111e-01
2.458331555843339767e+06 4.329198068097337426e-01
2.458331556387320161e+06 4.844510660351115661e-01
2.458331556942860130e+06 4.438259934096873138e-01
2.458331557475259993e+06 4.808585258237929594e-01
2.458331558007659856e+06 4.914438736206605540e-01
2.458331558551630005e+06 4.670163736420143152e-01
2.458331559095600154e+06 4.096481887064769012e-01
2.458331559628000017e+06 4.417985959124202111e-01
2.458331560183539987e+06 4.568393690004874941e-01
2.458331560715939850e+06 4.710806248619761050e-01
2.458331561248340178e+06 4.525214409687770001e-01
2.458331561803880148e+06 4.796733580370577954e-01
2.458331562336280011e+06 4.620468270754329865e-01
2.458331562868679874e+06 4.172832601435061406e-01
2.458331563412650023e+06 4.536711054608382199e-01
2.458331563956620172e+06 4.867516489053329565e-01
2.458331564500589855e+06 4.277419658241186085e-01
2.458331565044560004e+06 4.882631722726635815e-01
2.458331565576959867e+06 4.186785858096051527e-01
2.458331566109360196e+06 4.000036910595987649e-01
2.458331566641749814e+06 4.204758964195338677e-01
2.458331567185730208e+06 3.985536859776370733e-01
2.458331567729699891e+06 4.832344124246361616e-01
2.458331568262100220e+06 4.808236026980470257e-01
2.458331568817640189e+06 4.515239693199255555e-01
2.458331569338459987e+06 3.816614667657312054e-01
2.458331569894010201e+06 3.991915552103453280e-01
2.458331570437979884e+06 4.414191220772814006e-01
2.458331570970380213e+06 4.079767608018833869e-01
2.458331571502780076e+06 4.716167003811726488e-01
2.458331572046750225e+06 5.254447691199821691e-01
2.458331572579139844e+06 4.631475383697480908e-01
2.458331573123119771e+06 4.120117067869735195e-01
2.458331573678660206e+06 5.082804911681275684e-01
2.458331574211060070e+06 4.751519400916954794e-01
2.458331574755030219e+06 4.775623493950735821e-01
2.458331575298999902e+06 4.745108427474686863e-01
2.458331575831400231e+06 5.147343913917215019e-01
2.458331576363800094e+06 4.904153996536173565e-01
2.458331576907769777e+06 4.458327094731391327e-01
2.458331577440170106e+06 4.447404538491781523e-01
2.458331577995710075e+06 4.631823779952366493e-01
2.458331578539680224e+06 4.291902779177139138e-01
2.458331579072080087e+06 4.458046989045936215e-01
2.458331579616049770e+06 4.865741161067358433e-01
2.458331580160019919e+06 5.167960475290716005e-01
2.458331580692419782e+06 4.807675005681648628e-01
2.458331581224820111e+06 3.948119562357028656e-01
2.458331581757210195e+06 4.761469142604504157e-01
2.458331582301190123e+06 4.285564417434155615e-01
2.458331582845159806e+06 4.264789071868442250e-01
2.458331583389129955e+06 5.370812642123006242e-01
2.458331583921529818e+06 3.815158971008063560e-01
2.458331584453919902e+06 4.497733174631886044e-01
2.458331585009470116e+06 5.398426571230761084e-01
2.458331585553439800e+06 4.609609035790249720e-01
2.458331586085840128e+06 4.813915993694344309e-01
2.458331586629809812e+06 4.980778500599178926e-01
2.458331587185349781e+06 4.602955698579904720e-01
2.458332330655130092e+06 3.679769778200778774e-01
2.458332331187529955e+06 3.425733028034088079e-01
2.458332331743069924e+06 4.270236411107166674e-01
2.458332332275469787e+06 3.511438916832059220e-01
2.458332332819439936e+06 4.518569310158273566e-01
2.458332333340260200e+06 4.474679525002578373e-01
2.458332333884240128e+06 3.793156766055503226e-01
2.458332334416630212e+06 3.095404857154520073e-01
2.458332334960599896e+06 4.092465087799972423e-01
2.458332335516150109e+06 4.108046777195895061e-01
2.458332336048549972e+06 3.670371172057045328e-01
2.458332336604089942e+06 2.765573765177151699e-01
2.458332337124910206e+06 3.762401651073083997e-01
2.458332337680459954e+06 3.987217877289754853e-01
2.458332338212859817e+06 3.685020385106803076e-01
2.458332338756829966e+06 3.608957269431165571e-01
2.458332339289229829e+06 4.228844066640000676e-01
2.458332339833199978e+06 4.067891631278843789e-01
2.458332340365590062e+06 4.031054134291540691e-01
2.458332340909560211e+06 4.642981181548115899e-01
2.458332341465109959e+06 4.244481583303887362e-01
2.458332341985930223e+06 4.348903812930551283e-01
2.458332342529899906e+06 4.422632517575895150e-01
2.458332343073870055e+06 4.615545194380281657e-01
2.458332343606269918e+06 4.344320922813924568e-01
2.458332344150240067e+06 4.986343220524105391e-01
2.458332344682639930e+06 3.923102766441726175e-01
2.458332345226610079e+06 3.441893442605650222e-01
2.458332345770580228e+06 4.440560273368312494e-01
2.458332346314549912e+06 4.083584327570122241e-01
2.458332346846949775e+06 4.701617935885469279e-01
2.458332347402499989e+06 4.283909979161890647e-01
2.458332347946470138e+06 4.288042519450883105e-01
2.458332348478860222e+06 4.098412885776561154e-01
2.458332349022840150e+06 3.620734090039565700e-01
2.458332349555229768e+06 3.648294696038476559e-01
2.458332350099199917e+06 4.016548858873161265e-01
2.458332350654750131e+06 3.875610851202484497e-01
2.458332351187149994e+06 4.312888233561800178e-01
2.458332351719540078e+06 3.186392253016165910e-01
2.458332352251939941e+06 5.133633838256415061e-01
2.458332352795910090e+06 4.388873918106135363e-01
2.458332353339879774e+06 4.545796107471726799e-01
2.458332353883849923e+06 4.217597809719499935e-01
2.458332354416249786e+06 4.958541772353441957e-01
2.458332354960219935e+06 4.011486973107682985e-01
2.458332355492619798e+06 4.629523243756032969e-01
2.458332356036589947e+06 3.476042623294013367e-01
2.458332356580560096e+06 3.843957096847496757e-01
2.458332357124529779e+06 3.973979985150055683e-01
2.458332357668499928e+06 3.343203626998008104e-01
2.458332358235619962e+06 3.220891318400838088e-01
2.458332359844389837e+06 5.520205646625289120e-01
2.458332360376779921e+06 4.275365942456659241e-01
2.458332360920759849e+06 3.786567481412959069e-01
2.458332361464729998e+06 4.288334989881299464e-01
2.458332362008700147e+06 3.793776501916212851e-01
2.458332362552669831e+06 4.287297077129768041e-01
2.458332363085070159e+06 3.226552483444606878e-01
2.458332363629039843e+06 4.243038541511001682e-01
2.458332364173009992e+06 3.916720180434261067e-01
2.458332364705409855e+06 4.653740154256080785e-01
2.458332365249380004e+06 3.443575626361656816e-01
2.458332365793350153e+06 4.232060881455481649e-01
2.458332366325739771e+06 4.049825044928088147e-01
2.458332366892859805e+06 3.599862204921926434e-01
2.458332367436829954e+06 4.692515460991568688e-01
2.458332367957659997e+06 4.348986991653891465e-01
2.458332368501630146e+06 4.147263466326691628e-01
2.458332369057170115e+06 4.229130309105837426e-01
2.458332369578000158e+06 4.540260197225656214e-01
2.458332370121969841e+06 4.419092449439965264e-01
2.458332370654370170e+06 3.750869026560668118e-01
2.458332371198339853e+06 3.619151819446067009e-01
2.458332371742310002e+06 3.424778438975302208e-01
2.458332372274700087e+06 3.544626857214723259e-01
2.458332372818680014e+06 4.059789178785546682e-01
2.458332373362650163e+06 4.446152814832835531e-01
2.458332373895039782e+06 4.658031897797201282e-01
2.458332374439020175e+06 4.367193195650624915e-01
2.458332374982989859e+06 3.848686402200485190e-01
2.458332375515379943e+06 4.572220982045802629e-01
2.458332376059350092e+06 3.606639069670212194e-01
2.458332376603330020e+06 5.026893049848855100e-01
2.458332377135720104e+06 3.256327995267884745e-01
2.458332377691269852e+06 4.300694971213516737e-01
2.458332378235240001e+06 4.809669381382981612e-01
2.458332378767639864e+06 3.916478870933239875e-01
2.458332379311610013e+06 4.897140682226996944e-01
2.458332379844000097e+06 3.776419379145217192e-01
2.458332380399549846e+06 4.469216019782926708e-01
2.458332380931950174e+06 4.684082330117984583e-01
2.458332381464339793e+06 4.283353900019264415e-01
2.458332382529139984e+06 4.066241472268075086e-01
2.458332383061539847e+06 4.395426220177398591e-01
2.458332383593929932e+06 3.586374918389410027e-01
2.458332386834609788e+06 4.458221787230769451e-01
2.458332387367010117e+06 3.882650203536002209e-01
2.458332387910979800e+06 4.209375189848891807e-01
2.458332388466519769e+06 3.416411458530781431e-01
2.458332388987349812e+06 4.411550197888676195e-01
2.458332389542889781e+06 4.315704790939065560e-01
2.458332390098439995e+06 4.400226360176198170e-01
2.458332390630830079e+06 3.157283283202847457e-01
2.458332391163229942e+06 4.853934647836766203e-01
2.458332391718780156e+06 3.685595258448781664e-01
2.458332392262749840e+06 4.142449898545166320e-01
2.458332392806719989e+06 3.406060129799541869e-01
2.458332393339119852e+06 4.097117139079298198e-01
2.458332393871509936e+06 3.920747270033828613e-01
2.458332394415480085e+06 4.402253614811453275e-01
2.458332394947879948e+06 4.120762001497197957e-01
2.458332395491850097e+06 3.682810154250564239e-01
2.458332396035819780e+06 3.930533412439594088e-01
2.458332396568220109e+06 4.409946207021953057e-01
2.458332397112189792e+06 4.773356008400639894e-01
2.458332397656159941e+06 3.828093605363491747e-01
2.458332398188559804e+06 3.464269775334720691e-01
2.458332398732529953e+06 3.564529521667747503e-01
2.458332399276500102e+06 3.311431275258485130e-01
2.458332399808899965e+06 3.961727148733498183e-01
2.458332400352870114e+06 3.800222285930683341e-01
2.458332400896839797e+06 5.252405399292694455e-01
2.458332404658339918e+06 4.145175997701162629e-01
2.458332405202310067e+06 5.080829898673400180e-01
2.458332406278680079e+06 3.975501779068757457e-01
2.458332406822650228e+06 4.072807817129380226e-01
2.458332407910599839e+06 4.807447202648127416e-01
2.458332408466139808e+06 2.536408544466794979e-01
2.458332408986960072e+06 5.193977936967684172e-01
2.458332409530930221e+06 4.457986286792809949e-01
2.458332411162849981e+06 4.163399572949018079e-01
2.458332411695249844e+06 3.119894021391758088e-01
2.458332412227639928e+06 4.028228457068774304e-01
2.458332412771610077e+06 3.401410438620704468e-01
2.458332413315580226e+06 3.711209515063416120e-01
2.458332413847980089e+06 4.489492070711591509e-01
2.458332414380379952e+06 3.695536492896103198e-01
2.458332415456749965e+06 3.316710154836322033e-01
2.458332416023869999e+06 4.722542722549984973e-01
2.458332416544689797e+06 4.280877089878263320e-01
2.458332417088659946e+06 4.767081666268317974e-01
2.458332417632630095e+06 4.561361191561417172e-01
2.458332418165029958e+06 3.868529258399533433e-01
2.458332418709000107e+06 4.523470958291362365e-01
2.458332419252969790e+06 4.741281268288695117e-01
2.458332419796939939e+06 4.168112622041721949e-01
2.458332420340910088e+06 5.232439810058355789e-01
2.458332420884879772e+06 3.694604590554426693e-01
2.458332421417280100e+06 2.837185216742508231e-01
2.458332421972829849e+06 4.053182207044621066e-01
2.458332422493650112e+06 4.451245911647259135e-01
2.458332423026049975e+06 3.709647208881552416e-01
2.458332423570020124e+06 3.645002942887352049e-01
2.458332424102410208e+06 4.055816073604727734e-01
2.458332424657959957e+06 4.556819720332292434e-01
2.458332425178780220e+06 4.381285407033423951e-01
2.458332425722749904e+06 3.685812469638474198e-01
2.458332426266720053e+06 3.929470950451641187e-01
2.458332426822269801e+06 4.250293366718800314e-01
2.458332427354670130e+06 4.536521329476919107e-01
2.458332427887060214e+06 5.358483935449385172e-01
2.458332428419460077e+06 4.570089833862862605e-01
2.458332428963430226e+06 4.262253421925930041e-01
2.458332429518979974e+06 3.946194383200580802e-01
2.458332430039799772e+06 4.831210703825732367e-01
2.458332430583769921e+06 4.556128232356471131e-01
2.458332431127740070e+06 4.484538533783783976e-01
2.458332431660139933e+06 4.735582766853276837e-01
2.458332432215679903e+06 4.776276539824042544e-01
2.458332432748080231e+06 4.230397400795826712e-01
2.458332433280480094e+06 3.991812062029929109e-01
2.458332433824449778e+06 4.340349540390704419e-01
2.458332434379990213e+06 4.420198051465504818e-01
2.458332434900819790e+06 4.402578244317840728e-01
2.458332435444789939e+06 4.330478982823038336e-01
2.458332435977189802e+06 4.607991965782538557e-01
2.458332436521159951e+06 4.739609991378817000e-01
2.458332437076699920e+06 4.460123197491565605e-01
2.458332437609099783e+06 4.724464556836522888e-01
2.458332438153069932e+06 4.280544609691752100e-01
2.458332438697040081e+06 4.393453777917510905e-01
2.458332439229439944e+06 4.405597330749486673e-01
2.458332441856699996e+06 3.617834804653323744e-01
2.458332442400670145e+06 4.037771048037441801e-01
2.458332442933070008e+06 4.964270303571929333e-01
2.458332443465469871e+06 3.681858441881455946e-01
2.458332444009440020e+06 4.610922960953764971e-01
2.458332444564979989e+06 4.431350242812825968e-01
2.458332445097379852e+06 3.609857134978362581e-01
2.458332445629780181e+06 4.772542040992249213e-01
2.458332446173749864e+06 4.788933150462071353e-01
2.458332446706150193e+06 4.879153012681065604e-01
2.458332447261690162e+06 4.169847145958165413e-01
2.458332447794090025e+06 4.726296791986737134e-01
2.458332448326489888e+06 5.170399438050239382e-01
2.458332448870460037e+06 4.772696995642657924e-01
2.458332449414430186e+06 5.026561522377832603e-01
2.458332449958399870e+06 4.019876674816469375e-01
2.458332450490800198e+06 3.938518102678223443e-01
2.458332451023189817e+06 4.601726530312895136e-01
2.458332451567159966e+06 4.905605734389482109e-01
2.458332452122710180e+06 4.816563349621247880e-01
2.458332452655110043e+06 4.450529956579707402e-01
2.458332453187500127e+06 4.958396769428965456e-01
2.458332453731480055e+06 3.829127837610801777e-01
2.458332454263870139e+06 4.535286184097984119e-01
2.458332454819419887e+06 4.320256053442896871e-01
2.458332455351809971e+06 4.123937677074334118e-01
2.458332455872640014e+06 4.798173219294863401e-01
2.458332456405039877e+06 4.263911336907852956e-01
2.458332456949010026e+06 4.918274412891445735e-01
2.458332457481400110e+06 3.692682786783532123e-01
2.458332458036949858e+06 4.140057633467169040e-01
2.458332458569350187e+06 4.712192294157748762e-01
2.458332459101739805e+06 3.966271490705892688e-01
2.458332459645709954e+06 4.745606337080818804e-01
2.458332460178109817e+06 4.417143712508195819e-01
2.458332460722079966e+06 4.898448214124755395e-01
2.458332461254479829e+06 5.081905477571755370e-01
2.458332461786880158e+06 4.701381383128833136e-01
2.458332462319269776e+06 3.912248836061067436e-01
2.458332462851670105e+06 4.035322239609744344e-01
2.458332463372489903e+06 4.758496661944615624e-01
2.458332463916469831e+06 4.522866176858748588e-01
2.458332464460439980e+06 4.675343628805475049e-01
2.458332464992830064e+06 4.230404816256942979e-01
2.458332465548379812e+06 4.561320705953946231e-01
2.458332466080780141e+06 5.198786813005096263e-01
2.458332466613170225e+06 4.048345091308522825e-01
2.458332467157139909e+06 4.487151218794718233e-01
2.458332467689539772e+06 4.528212160245885798e-01
2.458332468233509921e+06 4.142898386428921498e-01
2.458332468765909784e+06 4.405813417633055451e-01
2.458332469309879933e+06 4.035744431950565314e-01
2.458332469853850082e+06 4.565198235301224372e-01
2.458332470397820231e+06 4.303148739467861361e-01
2.458332470930220094e+06 4.157755125872206747e-01
2.458332471474189777e+06 5.033114504526814414e-01
2.458332472018159926e+06 4.099731313699255253e-01
2.458332472562130075e+06 4.791825375001508291e-01
2.458332474101449829e+06 4.379480040751904113e-01
2.458332474633850157e+06 4.060298028490638700e-01
2.458332475154669955e+06 4.758453399564928077e-01
2.458332475698649883e+06 4.604951801781211884e-01
2.458332476254189853e+06 4.309297942432195327e-01
2.458332476786590181e+06 4.720581306053901471e-01
2.458332477318979800e+06 4.978858430748012154e-01
2.458332477862960193e+06 4.722106999057018584e-01
2.458332478383779991e+06 4.333227547009528280e-01
2.458332478916179854e+06 4.843940777531763331e-01
2.458332479460150003e+06 4.049853553232409809e-01
2.458332479980969802e+06 4.877011312232593099e-01
2.458332480524939951e+06 4.466569476393118521e-01
2.458332481080490164e+06 4.146505457203080169e-01
2.458332481612879783e+06 4.518087043937413227e-01
2.458332482168429997e+06 4.658382311633637585e-01
2.458332482689249795e+06 4.814396769206155113e-01
2.458332483244800009e+06 4.785147719893458884e-01
2.458332483777190093e+06 4.653695449488974845e-01
2.458332484309589956e+06 4.290036347741619238e-01
2.458332484865140170e+06 4.140591853473303274e-01
2.458332485409109853e+06 5.213438864353374669e-01
2.458332485929930117e+06 3.797588705941254972e-01
2.458332486473899800e+06 4.974945438005704546e-01
2.458332487029450014e+06 4.643451475009854335e-01
2.458332487550269812e+06 4.525711835296597485e-01
2.458332488094239961e+06 5.412046949947413310e-01
2.458332488626639824e+06 4.365457186872987450e-01
2.458332489170609973e+06 4.571207191666992742e-01
2.458332489703009836e+06 4.150058448777613762e-01
2.458332490246979985e+06 4.338056800984571026e-01
2.458332490790950134e+06 4.474243606152974451e-01
2.458332491346490104e+06 5.435362571739048576e-01
2.458332491890459787e+06 4.586096414808462640e-01
2.458332492411289830e+06 4.243775854035334305e-01
2.458332492943679914e+06 4.911411394633251604e-01
2.458332493476079777e+06 3.758677755046502256e-01
2.458332494020049926e+06 4.218976018557505370e-01
2.458332494552449789e+06 4.750288223404446342e-01
2.458332495096419938e+06 4.004938593824167725e-01
2.458332495640390087e+06 4.791006672358797402e-01
2.458332496172789950e+06 4.649802419769422102e-01
2.458332496716760099e+06 4.081119987581001141e-01
2.458332497272300068e+06 4.381542560782563100e-01
2.458332497793130111e+06 4.243525884501710976e-01
2.458332498337099794e+06 3.630432315284490841e-01
2.458332498881069943e+06 3.933410829258239261e-01
2.458332499413469806e+06 4.731689310729283449e-01
2.458332499957439955e+06 5.006024722850490605e-01
2.458332500501410104e+06 5.052307143309207049e-01
2.458332501033809967e+06 5.109550403266140961e-01
2.458332501566200051e+06 5.283984289331193906e-01
2.458332502098599914e+06 4.654297831272629082e-01
2.458332503174969926e+06 4.546560045058143373e-01
2.458332503707369789e+06 5.094489034064366706e-01
2.458332504228190053e+06 4.750414127742601522e-01
2.458332504772160202e+06 4.531745361152612617e-01
2.458332505316129886e+06 5.057929810615018340e-01
2.458332505860100035e+06 4.719044039399680202e-01
2.458332507283689920e+06 3.916860190703594924e-01
2.458332507804510184e+06 4.842288316536649262e-01
2.458332508360050153e+06 4.735021330299211684e-01
2.458332508880880196e+06 5.050845038889359984e-01
2.458332509413269814e+06 4.018518919778912846e-01
2.458332509957250208e+06 4.475785453770555478e-01
2.458332510501219891e+06 4.055619403187389338e-01
2.458332511033609975e+06 4.278266200409603925e-01
2.458332511589160189e+06 5.318924204854464932e-01
2.458332512133129872e+06 5.094534098501739550e-01
2.458332512665530201e+06 5.471808420619073132e-01
2.458332513209499884e+06 4.298960353813452429e-01
2.458332513741900213e+06 4.293043002454055568e-01
2.458332514285869896e+06 4.350308376905491770e-01
2.458332514841409866e+06 4.550329139648372490e-01
2.458332515373810194e+06 4.264988640613047721e-01
2.458332515906210057e+06 4.423885995155707462e-01
2.458332516438600142e+06 4.294644583534434901e-01
2.458332516971000005e+06 4.794708536116729647e-01
2.458332517514970154e+06 4.895689008413182108e-01
2.458332518058939837e+06 4.932312857230982672e-01
2.458332518602909986e+06 4.558594171749081880e-01
2.458332519146880135e+06 4.911065398851341968e-01
2.458332519702429883e+06 4.672133559842279737e-01
2.458332520246400032e+06 5.933007560817795678e-01
2.458332520790370181e+06 4.468536915867975523e-01
2.458332521322770044e+06 4.599918222144978586e-01
2.458332521855160128e+06 3.818070499546788454e-01
2.458332522399140056e+06 4.384988833895064886e-01
2.458332522931530140e+06 4.744406955042705931e-01
2.458332523475499824e+06 4.561104414470094071e-01
2.458332524007900152e+06 4.500969028860968280e-01
2.458332524540300015e+06 3.892060840844759895e-01
2.458332525072699878e+06 5.106723337598708667e-01
2.458332525628239848e+06 4.408053985648248130e-01
2.458332526160640176e+06 4.014656159689717896e-01
2.458332526693029795e+06 4.739517802135093660e-01
2.458332527237010188e+06 4.545339913758610351e-01
2.458332527757829987e+06 5.017920845310079869e-01
2.458332528301800136e+06 4.186057255451611780e-01
2.458332528857340105e+06 4.405930477403217083e-01
2.458332529366590083e+06 4.285229637989615981e-01
2.458332529898989946e+06 4.514826270253209373e-01
2.458332530442960095e+06 4.375736194336035112e-01
2.458332530986929778e+06 4.289015839083845094e-01
2.458332531530899927e+06 4.812804129581742529e-01
2.458332532040149905e+06 4.357114099523062833e-01
2.458332532584120054e+06 4.710839159757824746e-01
2.458332533116519917e+06 4.529478697673727794e-01
2.458332533637349959e+06 4.849690530953090217e-01
2.458332534181320108e+06 4.887797134338782712e-01
2.458332534713710193e+06 4.727467064324155643e-01
2.458332535246110056e+06 4.509947703438417221e-01
2.458332535778509919e+06 4.161837375626973312e-01
2.458332536310900003e+06 4.984917419805707794e-01
2.458332536843299866e+06 4.921202608784813748e-01
2.458332537387270015e+06 4.991062922930495915e-01
2.458332537919669878e+06 4.377284603195228385e-01
2.458332538452070206e+06 4.806538079945816833e-01
2.458332539007610176e+06 4.043478856496509621e-01
2.458332541067759972e+06 5.044008793794461099e-01
2.458332541611730121e+06 4.469928317914977356e-01
2.458332542155699804e+06 3.997926166720091601e-01
2.458332542699669953e+06 4.559881401694187986e-01
2.458332543243640102e+06 4.708600745923412489e-01
2.458332543776039965e+06 3.968700258265123182e-01
2.458332544320010114e+06 4.672989700718428452e-01
2.458332544863979798e+06 4.192607657903444363e-01
2.458332545396380126e+06 4.879543960814878290e-01
2.458332545940349810e+06 4.408290962243892608e-01
2.458332546495889779e+06 4.329300294725495490e-01
2.458332547028290108e+06 4.691292971819844837e-01
2.458332547572259791e+06 4.952893540717138166e-01
2.458332548093089834e+06 4.212139986168264016e-01
2.458332548648629803e+06 4.612435756833761502e-01
2.458332549192599952e+06 3.908584308755536085e-01
2.458332549724999815e+06 4.618454931104736261e-01
2.458332550245820079e+06 4.423892940915532535e-01
2.458332550789790228e+06 4.696901154781549792e-01
2.458332551322190091e+06 4.051420443766176049e-01
2.458332551877730060e+06 4.006378659419951305e-01
2.458332552421700209e+06 4.515470588059216084e-01
2.458332552954100072e+06 4.202998815298251145e-01
2.458332553498070221e+06 4.148109726013835541e-01
2.458332554042039905e+06 4.093642990541574989e-01
2.458332554574439768e+06 4.438285914987556424e-01
2.458332555106840096e+06 4.912307545047660540e-01
2.458332555650809780e+06 4.231218816628317114e-01
2.458332556183210108e+06 4.245171324352519093e-01
2.458332556727179792e+06 3.936026341383414007e-01
2.458332557271149941e+06 4.936599539360653210e-01
2.458332557815120090e+06 4.638213213912454336e-01
2.458332558359089773e+06 4.110269301786644291e-01
2.458332558903059922e+06 4.011684622194202632e-01
2.458332559435459785e+06 3.377727569838526733e-01
2.458332559991000220e+06 4.310662622998080451e-01
2.458332560523400083e+06 4.315198522365495393e-01
2.458332561055799946e+06 4.600536715857401759e-01
2.458332561599770095e+06 3.552250380837023158e-01
2.458332562143739779e+06 4.967979061034064614e-01
2.458332562676140107e+06 3.918907519917880222e-01
2.458332563196959905e+06 4.402996652170028113e-01
2.458332563752499875e+06 3.952725057417225685e-01
2.458332564296479803e+06 4.142581615780418502e-01
2.458332564840449952e+06 4.496752146393152572e-01
2.458332565384420101e+06 4.852420978065623558e-01
2.458332565916810185e+06 3.914682695053333106e-01
2.458332566449210048e+06 3.992295466065591825e-01
2.458332566993180197e+06 3.798847543755083933e-01
2.458332567537149880e+06 3.720076029154171238e-01
2.458332568046399858e+06 4.923544337154872608e-01
2.458332568601950072e+06 3.520295043833172599e-01
2.458332569134349935e+06 5.486486049839953694e-01
2.458332569655170199e+06 4.584279775335549090e-01
2.458332570187570062e+06 4.030678166593784084e-01
2.458332570719960146e+06 4.592019986269306742e-01
2.458332571252360009e+06 5.071054238592687113e-01
2.458332571784759872e+06 3.667877304424465024e-01
2.458332572328730021e+06 4.774875010732149150e-01
2.458332572872700170e+06 4.338782947069432794e-01
2.458333331330080051e+06 3.929309767102147077e-01
2.458333331874050200e+06 4.357630981296924944e-01
2.458333332418019883e+06 3.944801533639878954e-01
2.458333332973559853e+06 4.199651545902618466e-01
2.458333333505960181e+06 4.681544585459782581e-01
2.458333334049929865e+06 4.484054652137370311e-01
2.458333334617049899e+06 4.093207499444648789e-01
2.458333335149450228e+06 4.781844659783125451e-01
2.458333335681839846e+06 4.292952411009132163e-01
2.458333336225809995e+06 5.157111880313092200e-01
2.458333336758209858e+06 4.867593267574203963e-01
2.458333337302180007e+06 4.409660936547563637e-01
2.458333337846150156e+06 3.954999049574769998e-01
2.458333338378550019e+06 4.985021211400972874e-01
2.458333338922520168e+06 4.168850850233276617e-01
2.458333339454920031e+06 4.235266191065747421e-01
2.458333339998890180e+06 4.635162487026054379e-01
2.458333340531279799e+06 3.907077546163257864e-01
2.458333341063680127e+06 3.741770330911258213e-01
2.458333341607649811e+06 4.431574022881061836e-01
2.458333342151619960e+06 4.628855358718872992e-01
2.458333342684019823e+06 4.118535779779968209e-01
2.458333343251139857e+06 4.442999766463984201e-01
2.458333343783540186e+06 4.637524362875051764e-01
2.458333344315929804e+06 4.376830704852903153e-01
2.458333344859899953e+06 4.679402116421567115e-01
2.458333345392299816e+06 3.970980803168373541e-01
2.458333345924700145e+06 4.019393106199835586e-01
2.458333346457090229e+06 4.701766828211937366e-01
2.458333347024209797e+06 4.642753713306859709e-01
2.458333347556610126e+06 4.360262043840474888e-01
2.458333348112150095e+06 4.009496758444885955e-01
2.458333348644549958e+06 4.540242058377472745e-01
2.458333349176949821e+06 4.534391271252715683e-01
2.458333349720919970e+06 4.360159997036703317e-01
2.458333350253310055e+06 4.518139924534292362e-01
2.458333350808859803e+06 4.021515693698720639e-01
2.458333351341260131e+06 4.267996154638655781e-01
2.458333351873650216e+06 4.023122579944686805e-01
2.458333352417619899e+06 4.569883996156960393e-01
2.458333352961590048e+06 5.245225139035980533e-01
2.458333353505560197e+06 4.440666044666699008e-01
2.458333354037960060e+06 4.441214260962418336e-01
2.458333354570359923e+06 4.583805119588362231e-01
2.458333355114330072e+06 4.825914244891276184e-01
2.458333355658300221e+06 4.626455230067403335e-01
2.458333356236990076e+06 4.495184983538447199e-01
2.458333356757809874e+06 4.262561938515059268e-01
2.458333357290210202e+06 4.140379672438072589e-01
2.458333357834179886e+06 4.090347697254941295e-01
2.458333358366580214e+06 4.455313656745811812e-01
2.458333358922120184e+06 4.485545814463698377e-01
2.458333359454520047e+06 4.047875836629870605e-01
2.458333359986919910e+06 4.488530279226843334e-01
2.458333360542459879e+06 4.560914099469925986e-01
2.458333361086430028e+06 4.405212824763573565e-01
2.458333361618829891e+06 4.545471882575800038e-01
2.458333362162800040e+06 4.333928827170350218e-01
2.458333362695199903e+06 4.158321329506193820e-01
2.458333363227589987e+06 4.482948439718974498e-01
2.458333363771560136e+06 4.527811920168289817e-01
2.458333364315529820e+06 4.481991126065807407e-01
2.458333364847930148e+06 3.974901828822581251e-01
2.458333365391899832e+06 4.306224314240729711e-01
2.458333365924300160e+06 5.076481982427871742e-01
2.458333366468269844e+06 4.759288077147019180e-01
2.458333367012239993e+06 4.487693736580222748e-01
2.458333367544639856e+06 5.164771142786861446e-01
2.458333368077029940e+06 4.201267906391414897e-01
2.458333368632580154e+06 4.453302299428951727e-01
2.458333369176549837e+06 4.456379670707750762e-01
2.458333369708950166e+06 4.141753115506645599e-01
2.458333370241339784e+06 4.913547329214562609e-01
2.458333370785309933e+06 4.746751886891864558e-01
2.458333371317709796e+06 4.378862121748348102e-01
2.458333371861679945e+06 4.703355360053951273e-01
2.458333372382500209e+06 4.458762663284545624e-01
2.458333372926480137e+06 4.481375646735834550e-01
2.458333373470449820e+06 4.896204987181533852e-01
2.458333374014419969e+06 4.803594136722431074e-01
2.458333374558390118e+06 4.442336236543695804e-01
2.458333375090780202e+06 4.313813771015411191e-01
2.458333375634749886e+06 4.247594939590246810e-01
2.458333376178729814e+06 4.656937423714495594e-01
2.458333376722699963e+06 4.743888438533296892e-01
2.458333377278239932e+06 4.803085376115188154e-01
2.458333377810639795e+06 4.437169330814789703e-01
2.458333378331460059e+06 4.307405466105755920e-01
2.458333378863859922e+06 4.092376702804081390e-01
2.458333379419399891e+06 4.626519866846336981e-01
2.458333379951800220e+06 4.672976441317260310e-01
2.458333380484189838e+06 4.704702760062602351e-01
2.458333381005019881e+06 4.685454932272161699e-01
2.458333381548990030e+06 4.876399726951881064e-01
2.458333382092960179e+06 4.504383332675239160e-01
2.458333382625360042e+06 4.903244062896430222e-01
2.458333383157750126e+06 4.252847085954858386e-01
2.458333383713299874e+06 4.696302250112047716e-01
2.458333384245689958e+06 5.009804706035012600e-01
2.458333384789669886e+06 4.881243185609989155e-01
2.458333386375280097e+06 4.163291460598479432e-01
2.458333386919249780e+06 4.678412925425394775e-01
2.458333387474799994e+06 4.581194361163944961e-01
2.458333388007190078e+06 4.405018803014613127e-01
2.458333388539589942e+06 5.021300797326659904e-01
2.458333389083560091e+06 4.791566683875849719e-01
2.458333389639109839e+06 4.525476805172790051e-01
2.458333390171499923e+06 4.301858228015102981e-01
2.458333390703899786e+06 4.562672110042278462e-01
2.458333391247869935e+06 4.287612362152710688e-01
2.458333391780269798e+06 4.646284923730696903e-01
2.458333392335809767e+06 4.360739156227708690e-01
2.458333392879779916e+06 4.634958377560423060e-01
2.458333393400600180e+06 4.531253629554736762e-01
2.458333393956149928e+06 4.284233905706251733e-01
2.458333394476970192e+06 3.970270632899151053e-01
2.458333395032519940e+06 4.570218082462353948e-01
2.458333395576490089e+06 4.453415755629492878e-01
2.458333396132030059e+06 3.873228298535043024e-01
2.458333396664429922e+06 4.555372190899156237e-01
2.458333397196829785e+06 4.517580846782980331e-01
2.458333397740799934e+06 4.501525802165939893e-01
2.458333398296339903e+06 4.370369879369864208e-01
2.458333398817160167e+06 4.777820355976913902e-01
2.458333399361129850e+06 4.071475658542738074e-01
2.458333399905109778e+06 4.764893605521294262e-01
2.458333400437499862e+06 4.538172395600508224e-01
2.458333400993050076e+06 4.153227355210464822e-01
2.458333401525440160e+06 4.604582757999118314e-01
2.458333402057840023e+06 4.310267030301346836e-01
2.458333402613379993e+06 4.197692375357284789e-01
2.458333403145779856e+06 4.690699022177362565e-01
2.458333403678180184e+06 4.337077477697555139e-01
2.458333404222149868e+06 4.221626384006054167e-01
2.458333404754550196e+06 4.027974391607695992e-01
2.458333405298519880e+06 3.656873338040274035e-01
2.458333405854059849e+06 4.662554223558146305e-01
2.458333406386460178e+06 4.541739443695202993e-01
2.458333406930429861e+06 4.249046307699408942e-01
2.458333407474400010e+06 4.253520714198355535e-01
2.458333408006799873e+06 4.047844663292163858e-01
2.458333408550770022e+06 4.847269142230565819e-01
2.458333409094740171e+06 4.237248749691495675e-01
2.458333409627129789e+06 4.186841710756379342e-01
2.458333410171099938e+06 4.714025932373839822e-01
2.458333410715079866e+06 4.242193687391626611e-01
2.458333411247469950e+06 4.094754715661039768e-01
2.458333411779869813e+06 4.073200636330636115e-01
2.458333412323839962e+06 4.877652016513280842e-01
2.458333412856239825e+06 3.891338241030037892e-01
2.458333413400209974e+06 4.162419717988168344e-01
2.458333413955749944e+06 4.549317198719506905e-01
2.458333414488149807e+06 4.352548510619183020e-01
2.458333415020550136e+06 4.362076913000780820e-01
2.458333415564519819e+06 4.026596878335766405e-01
2.458333416096909903e+06 4.059263388839369213e-01
2.458333416652460117e+06 4.431140767016295001e-01
2.458333417184850201e+06 4.060524091286801251e-01
2.458333417705679778e+06 4.771711736434642859e-01
2.458333418261220213e+06 4.086295963788373342e-01
2.458333418793620076e+06 3.983954596788628066e-01
2.458333419314439874e+06 4.384097642938904471e-01
2.458333419846840203e+06 3.867120587876371474e-01
2.458333420390809886e+06 3.597507776035051563e-01
2.458333420946349856e+06 4.175964869549524394e-01
2.458333421478750184e+06 4.695502129085653564e-01
2.458333422034290154e+06 4.608049688501552055e-01
2.458333422566690017e+06 4.094239796906578022e-01
2.458333423099089880e+06 4.606931406223750969e-01
2.458333423643060029e+06 3.967807931735443105e-01
2.458333424175459892e+06 4.734953360735989492e-01
2.458333424707849976e+06 4.322499937143433613e-01
2.458333425251820125e+06 4.669492873162042201e-01
2.458333425795789808e+06 3.667270617761086982e-01
2.458333426328190137e+06 4.192927627320006678e-01
2.458333426872159820e+06 4.628667103001991023e-01
2.458333427404560149e+06 3.896540720884686948e-01
2.458333427948529832e+06 4.845572972873881668e-01
2.458333428480930161e+06 4.421014745088509557e-01
2.458333429024899844e+06 4.426131278503966371e-01
2.458333429580439813e+06 4.361055904120814120e-01
2.458333430112840142e+06 4.353729422784979874e-01
2.458333430656809825e+06 4.561574426890953049e-01
2.458333431189199910e+06 4.485166860874301165e-01
2.458333431721599773e+06 4.306710824877466592e-01
2.458333432242420036e+06 4.282920428618020026e-01
2.458333432763250079e+06 4.334056000030201972e-01
2.458333433307220228e+06 4.581950957207165942e-01
2.458333433828040026e+06 4.771817797193644850e-01
2.458333434360439889e+06 4.155878790865994432e-01
2.458333434892840218e+06 4.155962631837688548e-01
2.458333435436809901e+06 5.039215544941821889e-01
2.458333435969199985e+06 4.261727004518078843e-01
2.458333436501599848e+06 4.419205052212831220e-01
2.458333437045569997e+06 4.056264678192729178e-01
2.458333437577969860e+06 4.072801367964586916e-01
2.458333438110359944e+06 3.858723876273337794e-01
2.458333438654330093e+06 5.055069774841580710e-01
2.458333439198299777e+06 4.252672457848074572e-01
2.458333439742280170e+06 3.790146202740931614e-01
2.458333441189010162e+06 4.468569918712663736e-01
2.458333441732979845e+06 4.007270251515180348e-01
2.458333442265369929e+06 4.431105448121108736e-01
2.458333442809340078e+06 4.546176360818510176e-01
2.458333443353310227e+06 4.774001172189947795e-01
2.458333443862560205e+06 4.409452530919111268e-01
2.458333444418109953e+06 4.378676428557870537e-01
2.458333444962080102e+06 3.807652969468318105e-01
2.458333445482899901e+06 5.024053018496168477e-01
2.458333446026870050e+06 5.031222920081948047e-01
2.458333446559269913e+06 4.251686117305322199e-01
2.458333447080090176e+06 4.402655150675816031e-01
2.458333447635639925e+06 4.815707544956762121e-01
2.458333448168030009e+06 4.282003870902251208e-01
2.458333448688860051e+06 4.366905501458937522e-01
2.458333449232830200e+06 4.636587235491340664e-01
2.458333449776799884e+06 4.254214083765468501e-01
2.458333450332339853e+06 4.332785519937623064e-01
2.458333450876310002e+06 4.839231666416168309e-01
2.458333451408709865e+06 4.829235337692576735e-01
2.458333451929530129e+06 4.268123249149304854e-01
2.458333452496650163e+06 4.832835774726742528e-01
2.458333453017469961e+06 4.319533698454183224e-01
2.458333453549869824e+06 4.702979616480007508e-01
2.458333454082270153e+06 4.508689344059462201e-01
2.458333454626239836e+06 4.716169704184309808e-01
2.458333455181779806e+06 4.301868932414425473e-01
2.458333455714180134e+06 4.159007635136386938e-01
2.458333456246579997e+06 5.114203659043319306e-01
2.458333456790550146e+06 4.650504475421826101e-01
2.458333457322940230e+06 4.787131613532906727e-01
2.458333457878489979e+06 4.534614785837618456e-01
2.458333458410880063e+06 4.071260796742794952e-01
2.458333458943279926e+06 4.450714652295797435e-01
2.458333459487250075e+06 4.542302259173585099e-01
2.458333460031220224e+06 4.622191248177571765e-01
2.458333460575189907e+06 4.580959838926297323e-01
2.458333461096019950e+06 4.473050570938834625e-01
2.458333461628410034e+06 3.908970745307414063e-01
2.458333462160809897e+06 3.821184998933926380e-01
2.458333462704780046e+06 3.992341602110514032e-01
2.458333463237179909e+06 4.322827078400699463e-01
2.458333463781150058e+06 4.275982082516129879e-01
2.458333464325120207e+06 4.299780764181537762e-01
2.458333464845940005e+06 4.358993196767908529e-01
2.458333465389910154e+06 4.373940185783453671e-01
2.458333465933879837e+06 4.470144510428912810e-01
2.458333466466280166e+06 4.043018765484713839e-01
2.458333467010249849e+06 4.572416378020847105e-01
2.458333467565789819e+06 4.197111043145422826e-01
2.458333468098190147e+06 3.632873475291304999e-01
2.458333468642159831e+06 3.628453796380775032e-01
2.458333469186129980e+06 4.150581478189856455e-01
2.458333469718529843e+06 4.484728485025932798e-01
2.458333470262499992e+06 4.402128140867311856e-01
2.458333470818039961e+06 4.405707131830567391e-01
2.458333471350439824e+06 4.674517650474907526e-01
2.458333471894409973e+06 3.585518327144097128e-01
2.458333472426809836e+06 3.876373603290055314e-01
2.458333472982349806e+06 3.569181037123190237e-01
2.458333475077219773e+06 3.979984265805693866e-01
2.458333475621189922e+06 3.791924819107581612e-01
2.458333476153589785e+06 4.164843339896204810e-01
2.458333476662840229e+06 3.975315385383346722e-01
2.458333477206809912e+06 3.880327137081582833e-01
2.458333477739199996e+06 3.771230251317305715e-01
2.458333478283170145e+06 4.049342549140035885e-01
2.458333478838719893e+06 3.758033402481206764e-01
2.458333479371120222e+06 3.540751335579788162e-01
2.458333479891940020e+06 3.858801150055697349e-01
2.458333480435910169e+06 4.203170222452730087e-01
2.458333480979879852e+06 4.082602306712956874e-01
2.458333481512280181e+06 3.966920242369944560e-01
2.458333482056249864e+06 3.606691864785389612e-01
2.458333482588639949e+06 4.263213826851277588e-01
2.458333483132610098e+06 3.718132538202141291e-01
2.458333483676579781e+06 3.259052722211084330e-01
2.458333484232129995e+06 3.499752939176943300e-01
2.458333484752949793e+06 3.946895205114664407e-01
2.458333485285350122e+06 4.442817370743874505e-01
2.458333485817749985e+06 3.922880057198714354e-01
2.458333486361720134e+06 3.915815984169785935e-01
2.458333486894110218e+06 3.742968771695363017e-01
2.458333487426510081e+06 3.191819937119468875e-01
2.458333487970480230e+06 3.831077418516208866e-01
2.458333488502880093e+06 3.686971847878517394e-01
2.458333489046849776e+06 3.467074106875251971e-01
2.458333489579239860e+06 3.355874776849319119e-01
2.458333490123219788e+06 3.765851327810185722e-01
2.458333490667189937e+06 3.604053959787982819e-01
2.458333491211160086e+06 3.223279688530986675e-01
2.458333491755129769e+06 4.284299105248621231e-01
2.458333492287519854e+06 3.585367321535670726e-01
2.458333492831490003e+06 3.609364087513373676e-01
2.458333493363889866e+06 3.419321242674229211e-01
2.458333493907860015e+06 3.706760755116214057e-01
2.458333494463410228e+06 3.934797908668610233e-01
2.458333494984230027e+06 3.351181849553448444e-01
2.458333495528200176e+06 3.953650024078214642e-01
2.458333496060600039e+06 4.033648739914532655e-01
2.458333496592990123e+06 4.085042299572236857e-01
2.458333497125389986e+06 3.429192095524786765e-01
2.458333497657789849e+06 3.483589072133952413e-01
2.458333498201759998e+06 3.732462034355954472e-01
2.458333498745730147e+06 3.675134423582484544e-01
2.458333499289699830e+06 3.532370418567225556e-01
2.458333499822100159e+06 2.702202531676558550e-01
2.458333500354489777e+06 2.977439725463675302e-01
2.458333500875319820e+06 3.953317376723077814e-01
2.458333501430859789e+06 4.404330026011624710e-01
2.458333501997979823e+06 3.760492145251053131e-01
2.458333502553519793e+06 3.341256474392952924e-01
2.458333503097489942e+06 3.880786582981858857e-01
2.458333503641460091e+06 4.429299383823668279e-01
2.458333504162290134e+06 3.798912467988415642e-01
2.458333504706259817e+06 3.974566682701023979e-01
2.458333505261799786e+06 3.614690338760890853e-01
2.458333505794200115e+06 3.659096506714352159e-01
2.458333506326599978e+06 3.663253993643564854e-01
2.458333506882139947e+06 3.227201705335787096e-01
2.458333508652939927e+06 4.234046974693495002e-01
2.458333509196910076e+06 3.891334763482099390e-01
2.458333509740880225e+06 3.896577206302538343e-01
2.458333510273280088e+06 3.410629370054270026e-01
2.458333510817249771e+06 2.633476103479690522e-01
2.458333511361219920e+06 3.698914165135622767e-01
2.458333511893610004e+06 3.726781590757539675e-01
2.458333512426009867e+06 4.204124526372758908e-01
2.458333512969980016e+06 3.309961632565467937e-01
2.458333513502379879e+06 3.851468816633438763e-01
2.458333514046350028e+06 3.157550119565861735e-01
2.458333514578749891e+06 3.822644734489912821e-01
2.458333515111139975e+06 3.152344441440906309e-01
2.458333515655110124e+06 3.513761267331130256e-01
2.458333516199079808e+06 3.468551425232497820e-01
2.458333516743049957e+06 3.417103519895050567e-01
2.458333517275449820e+06 3.597929903516536854e-01
2.458333517807850149e+06 3.541639483432774682e-01
2.458333518340240233e+06 3.393346557096954541e-01
2.458333518895789981e+06 2.816699077885527203e-01
2.458333519428189844e+06 3.634541987776316319e-01
2.458333519949010108e+06 3.201632730484504918e-01
2.458333520492979791e+06 3.492551618131631841e-01
2.458333521036949940e+06 3.266574646081661371e-01
2.458333521580920089e+06 3.851393126204811779e-01
2.458333522136469837e+06 3.965397881831389526e-01
2.458333522680439986e+06 3.650207815648034426e-01
2.458333523189680185e+06 3.161443116792135299e-01
2.458333523745229933e+06 3.141973201961558715e-01
2.458333524277629796e+06 3.111593596735922063e-01
2.458333524821599945e+06 3.586881508795976004e-01
2.458333525353990030e+06 3.302976905037589006e-01
2.458333525886389893e+06 3.300484306124182865e-01
2.458333526407210156e+06 2.812086341794888256e-01
2.458333526951179840e+06 3.540873011003462523e-01
2.458333527483580168e+06 3.814149124549803815e-01
2.458333528015980031e+06 3.281920389628130152e-01
2.458333528571520001e+06 3.012384639241254547e-01
2.458333529103919864e+06 3.444592490236200177e-01
2.458333529647890013e+06 3.524311566417619446e-01
2.458333530180289876e+06 3.812133101975927474e-01
2.458333530724260025e+06 3.897272239582338926e-01
2.458333531268230174e+06 2.744594397367485783e-01
2.458333531812199857e+06 3.669040340164375635e-01
2.458333532344589941e+06 3.468151642584942351e-01
2.458333532888560090e+06 3.404150157605432270e-01
2.458333533409390133e+06 3.331985358393758645e-01
2.458333533953359816e+06 3.020464437202967645e-01
2.458333534485760145e+06 3.525071000908504004e-01
2.458333535029729828e+06 3.911743003525174345e-01
2.458333535562119912e+06 3.313204434624630323e-01
2.458333536106090061e+06 3.538382006702782689e-01
2.458333536650060210e+06 3.226064032294146955e-01
2.458333537182460073e+06 2.708762408270146693e-01
2.458333537691710051e+06 3.370396388158791723e-01
2.458333538224109914e+06 3.439697275318955860e-01
2.458333538779649884e+06 3.224388472832959707e-01
2.458333539312050212e+06 3.576072540141641554e-01
2.458333539844439831e+06 3.481617637626328587e-01
2.458333540388420224e+06 3.587658747682009874e-01
2.458333542460130062e+06 3.307748801794527793e-01
2.458333543015679810e+06 3.015782195144414146e-01
2.458333543548069894e+06 3.618655967255790529e-01
2.458333544068899937e+06 3.483474719520991414e-01
2.458333544601290021e+06 3.554064750668608497e-01
2.458333545145260170e+06 3.613257871837127766e-01
2.458333545700809918e+06 3.951269167649744674e-01
2.458333546233209781e+06 3.807331390847821240e-01
2.458333546765599865e+06 3.758051186510336095e-01
2.458333547309570014e+06 3.925225557894744810e-01
2.458333547830400057e+06 3.708618736347659706e-01
2.458333548362790141e+06 3.436206263457641796e-01
2.458333548918339889e+06 3.685790505914745552e-01
2.458333549450729974e+06 4.114710897051452321e-01
2.458333549994700123e+06 3.288744200445350430e-01
2.458333550538669806e+06 4.291898813829533310e-01
2.458333551071070135e+06 3.821139305003207198e-01
2.458333551626619883e+06 4.233820429066934565e-01
2.458333552159009967e+06 4.007425907131700882e-01
2.458333552691409830e+06 4.222721927036250378e-01
2.458333553223810159e+06 4.508706155751998068e-01
2.458333553767779842e+06 4.122073382847766254e-01
2.458333554300169926e+06 4.055350469274081604e-01
2.458333554832569789e+06 3.637708310868070782e-01
2.458333555364970118e+06 4.094126174986048028e-01
2.458333555897360202e+06 4.079943780269825737e-01
2.458333556429760065e+06 3.829702334913669404e-01
2.458333556973730214e+06 4.286860854599687798e-01
2.458333557506130077e+06 4.373199727467174114e-01
2.458333558050100226e+06 4.729738833777012985e-01
2.458333558582500089e+06 3.865929153783689287e-01
2.458333559138040058e+06 3.921590365836618020e-01
2.458333559682010207e+06 4.436728342570113170e-01
2.458333560214410070e+06 4.177731126881170098e-01
2.458333560746800154e+06 3.769749180482566686e-01
2.458333561290769838e+06 3.973874170841540376e-01
2.458333561823170166e+06 3.862014238165514257e-01
2.458333562355570029e+06 4.594358266473612673e-01
2.458333562887969892e+06 4.438058900735573076e-01
2.458333563408790156e+06 4.332128103710690681e-01
2.458333563964330126e+06 4.276591416008095337e-01
2.458333564496729989e+06 4.428821787075776228e-01
2.458333565029129852e+06 4.477394705874786496e-01
2.458333565573100001e+06 4.276715061966349651e-01
2.458333566105490085e+06 4.332328368789912787e-01
2.458333566649459768e+06 4.380961308164881274e-01
2.458333567205009982e+06 4.582400046363446222e-01
2.458333567737409845e+06 4.608971995096009522e-01
2.458333568269799929e+06 4.706319905851579222e-01
2.458333568825350143e+06 3.840294177814751464e-01
2.458333569357740227e+06 4.328554262627815064e-01
2.458333569890140090e+06 4.469535196665486154e-01
2.458333570445680059e+06 4.035910145933723214e-01
2.458333570954930037e+06 4.708609652897148834e-01
2.458333571498900186e+06 4.256974815451251004e-01
2.458333572031300049e+06 3.739093240069912838e-01
2.458333572575270198e+06 4.765720790518361838e-01
2.458333573119239882e+06 4.342960846085457405e-01
2.458333573651640210e+06 4.460939726468300393e-01
2.458333574207180180e+06 3.867768887015667900e-01
2.458334444964949973e+06 4.339046618865793903e-01
2.458334445508920122e+06 4.768473012603156036e-01
2.458334446052889805e+06 4.188669177490016438e-01
2.458334446585290134e+06 4.220501033014851799e-01
2.458334447140830103e+06 5.473837473173901458e-01
2.458334447673229966e+06 4.990181518476362044e-01
2.458334448228769936e+06 4.335285835738194038e-01
2.458334448784309905e+06 4.321964656970465057e-01
2.458334449316709768e+06 4.540520746162428622e-01
2.458334449849110097e+06 4.505533123326834755e-01
2.458334450404650066e+06 4.288095096360038383e-01
2.458334450925469864e+06 4.957175267649400752e-01
2.458334451469440013e+06 4.675561834016299656e-01
2.458334452001839876e+06 4.993612824210842405e-01
2.458334452534240205e+06 4.535304192209714813e-01
2.458334453089780174e+06 4.988335365346827643e-01
2.458334453622180037e+06 3.807003893499985026e-01
2.458334454166150186e+06 4.036427778619096074e-01
2.458334456318879966e+06 4.271994199478434950e-01
2.458334456851279829e+06 4.774019379688851927e-01
2.458334457383669913e+06 4.168234436238655860e-01
2.458334457916069776e+06 4.337314496162587574e-01
2.458334458471610211e+06 5.169936112213875390e-01
2.458334459004010074e+06 5.602001162795353650e-01
2.458334459547980223e+06 4.987059229584644982e-01
2.458334460091949906e+06 4.197058333765077975e-01
2.458334460612770170e+06 4.534540316985538055e-01
2.458334462777080014e+06 3.636369256816749385e-01
2.458334463853450026e+06 2.189394629347845012e-01
2.458334464397420175e+06 5.228426643427024345e-01
2.458334464941389859e+06 5.306615643326964005e-01
2.458334466029330157e+06 4.547182211186271417e-01
2.458334466561719775e+06 4.663034735496296435e-01
2.458334467105700169e+06 4.458969406554178505e-01
2.458334467661240138e+06 4.870771362855226272e-01
2.458334468205209821e+06 5.224390983629678686e-01
2.458334469269999769e+06 5.132773989758288025e-01
2.458334469825549982e+06 4.269085468909246117e-01
2.458334470369520131e+06 3.989510354144947257e-01
2.458334470901910216e+06 4.953416029788790809e-01
2.458334471445879899e+06 4.538910290540947301e-01
2.458334471989850048e+06 3.533738587768429085e-01
2.458334472533820197e+06 4.742213223493507712e-01
2.458334473089369945e+06 4.925037787751538332e-01
2.458334473621760029e+06 4.724437874743063759e-01
2.458334474154159892e+06 4.915197781402511623e-01
2.458334474698130041e+06 4.847418838937969099e-01
2.458334475230529904e+06 4.871460653349792835e-01
2.458334475751350168e+06 6.153352526486735030e-01
2.458334476306890137e+06 4.147485216026467469e-01
2.458334476839290000e+06 5.081158427848055936e-01
2.458334477360109799e+06 5.407172710200303101e-01
2.458334477904079948e+06 4.387207935233341516e-01
2.458334478448050097e+06 3.510578855077142180e-01
2.458334478980449960e+06 4.186211964484876091e-01
2.458334479524420109e+06 3.547744244650239409e-01
2.458334480056819972e+06 3.967156476214110938e-01
2.458334480600790121e+06 4.783022043217926011e-01
2.458334481144759804e+06 4.278149717862689272e-01
2.458334481688729953e+06 3.392686083218592330e-01
2.458334482221120037e+06 3.934521074663877016e-01
2.458334482753519900e+06 4.279273884786718440e-01
2.458334483297490049e+06 4.189046837760717068e-01
2.458334483853030019e+06 5.412394162474214454e-01
2.458334484385429882e+06 3.441910514625252659e-01
2.458334484929400031e+06 4.377060761067603778e-01
2.458334485473370180e+06 4.311297581940056745e-01
2.458334486017339863e+06 4.265129830349305706e-01
2.458334486561310012e+06 4.248620935775058172e-01
2.458334487116860226e+06 4.753286221629853259e-01
2.458334487637680024e+06 3.660451214723323687e-01
2.458334488170070108e+06 5.085087237933691995e-01
2.458334488714050036e+06 4.286853782584998385e-01
2.458334489246440120e+06 3.930600456078749971e-01
2.458334489778839983e+06 3.462854304649667370e-01
2.458334490322810132e+06 4.185358052831880116e-01
2.458334490866779815e+06 4.154709725872969273e-01
2.458334491410749964e+06 3.791516029833719159e-01
2.458334491943149827e+06 4.173438385986205645e-01
2.458334492487119976e+06 4.332677826215665107e-01
2.458334493031090125e+06 4.398677818674414652e-01
2.458334493586630095e+06 3.483099476763875657e-01
2.458334494119029958e+06 4.261185794111099767e-01
2.458334494639850222e+06 4.300447375272593575e-01
2.458334495195390191e+06 4.156101072256941364e-01
2.458334495716219768e+06 5.015410199352121623e-01
2.458334496271760203e+06 4.471583224933226575e-01
2.458334496804160066e+06 4.105982056538284297e-01
2.458334497359700035e+06 4.309154768306768801e-01
2.458334497892099898e+06 4.399355825309232415e-01
2.458334498436070047e+06 4.480475985150320639e-01
2.458334499986960087e+06 3.368864058812164330e-01
2.458334547821620014e+06 4.382343860339190655e-01
2.458334548354019877e+06 4.728190146113746550e-01
2.458334551050719805e+06 3.137204569164566692e-01
2.458334551606259774e+06 4.390732777455994551e-01
2.458334552161809988e+06 4.176640751443123634e-01
2.458334552682629786e+06 4.884876368094364096e-01
2.458334553215030115e+06 4.109668224227682742e-01
2.458334557890850119e+06 4.525664474342860899e-01
2.458334558434819803e+06 5.111354750409393688e-01
2.458334558978800196e+06 4.286089368553138712e-01
2.458334559534340166e+06 4.730360922524994294e-01
2.458334560043590143e+06 3.407094194062310066e-01
2.458334562207890209e+06 4.196051896860168995e-01
2.458334562751870137e+06 4.204609615473486883e-01
2.458334563284260221e+06 4.599124456588512544e-01
2.458334563828229904e+06 4.277133562886206164e-01
2.458334564372200053e+06 5.273568476603038846e-01
2.458334564916170202e+06 4.105317416330773739e-01
2.458334565448570065e+06 3.035672619649929516e-01
2.458334565980960149e+06 4.615955625839127663e-01
2.458334567068910226e+06 2.483843526819242697e-01
2.458334568145269994e+06 5.271711554673963462e-01
2.458334569777179975e+06 4.752832905438264532e-01
2.458334570321150124e+06 4.782994863552474385e-01
2.458334570853549987e+06 4.558232265809731842e-01
2.458334571385949850e+06 4.154620314105610390e-01
2.458334571929919999e+06 5.065350136485342603e-01
2.458334572473890148e+06 4.753631954921750946e-01
2.458334573029430117e+06 3.908975134909304927e-01
2.458334573561829980e+06 3.916551997251076500e-01
2.458334574094220065e+06 3.627999509949031420e-01
2.458334574649769813e+06 4.001634364698887225e-01
2.458334575182159897e+06 5.000001961164883824e-01
2.458334575714560226e+06 3.600012220236781246e-01
2.458334576246960089e+06 4.031535514555759647e-01
2.458334576790929772e+06 4.607499359851949805e-01
2.458334577334899921e+06 4.208000278731454102e-01
2.458334577878870070e+06 4.558827964400986588e-01
2.458334578422840219e+06 4.465818698272183696e-01
2.458334578955229837e+06 4.002848818518387475e-01
2.458334579499199986e+06 3.587881845804954395e-01
2.458334580043170135e+06 4.187076502456470450e-01
2.458334580564000178e+06 4.816740544087654285e-01
2.458334581107969861e+06 4.144358468696154318e-01
2.458334581651940010e+06 3.198707279445631713e-01
2.458334582184330095e+06 4.683410694242908789e-01
2.458334582728299778e+06 4.379908027677004156e-01
2.458334583283849992e+06 4.222277377121415043e-01
2.458334585980549920e+06 4.301980114346584116e-01
2.458334586524520069e+06 3.831198950242384882e-01
2.458334587045339867e+06 4.886218043469092720e-01
2.458334587600890081e+06 5.110894708351683136e-01
2.458334588133280165e+06 4.001004373309502427e-01
2.458334588665680028e+06 4.929470759638867605e-01
2.458334589221219998e+06 4.120780174293656728e-01
2.458334589753619861e+06 2.792465739132765634e-01
2.458334590286020190e+06 4.323044783475964437e-01
2.458334591373960022e+06 4.207124616872270906e-01
2.458334591906350106e+06 4.352704289012141459e-01
2.458334592450319789e+06 2.867644539419806904e-01
2.458334592982720118e+06 4.191854005538928618e-01
2.458334593526689801e+06 3.867923166040512228e-01
2.458334594070659950e+06 3.514181956400808104e-01
2.458334594614630099e+06 4.240686660311681067e-01
2.458334595135449897e+06 4.687269892681147354e-01
2.458334595702569932e+06 4.342993370003807030e-01
2.458334596234969795e+06 4.729638749993867464e-01
2.458334596767359879e+06 5.014766661204284048e-01
2.458334597322910093e+06 4.237871558930912386e-01
2.458334597843729891e+06 4.036777598205407713e-01
2.458334608098150231e+06 3.523542770401952851e-01
2.458335444122219924e+06 4.447380088345020965e-01
2.458335444666190073e+06 5.366972364999860190e-01
2.458335445210160222e+06 4.514137031900364860e-01
2.458335445754129905e+06 4.468662724764875804e-01
2.458335446298100054e+06 2.970972766700796797e-01
2.458335446842070203e+06 4.021044695859679052e-01
2.458335447386039887e+06 3.840041350599818770e-01
2.458335447918440215e+06 4.161033147602495319e-01
2.458335448462409899e+06 4.464016321981958413e-01
2.458335449006380048e+06 2.270680594221623494e-01
2.458335449538770132e+06 3.568773596784673430e-01
2.458335450082739815e+06 3.699155184993951906e-01
2.458335450638290029e+06 3.833677286919865423e-01
2.458335451170680113e+06 3.696290052780533131e-01
2.458335451703079976e+06 4.141810613481968772e-01
2.458335452247050125e+06 4.399597719403978147e-01
2.458335452779440209e+06 3.889869448353735493e-01
2.458335453311840072e+06 3.381212641125941332e-01
2.458335453844239935e+06 3.560317214298720501e-01
2.458335454388199840e+06 3.293206757090558767e-01
2.458335454932169989e+06 3.492004690343861739e-01
2.458335455476140138e+06 4.570728615168455633e-01
2.458335456031689886e+06 4.841243929410818936e-01
2.458335456564079970e+06 3.504629370593121962e-01
2.458335457096479833e+06 4.224812633449310795e-01
2.458335457640449982e+06 4.029396448818989285e-01
2.458335458184420131e+06 3.603942071762329391e-01
2.458335458716819994e+06 3.694831751527321018e-01
2.458335459249210078e+06 3.439698832528890193e-01
2.458335459793180227e+06 3.676875772711447610e-01
2.458335460325580090e+06 3.286145870113816869e-01
2.458335460881120060e+06 4.019916243392458455e-01
2.458335461401939858e+06 4.186782919814540094e-01
2.458335461945910007e+06 4.095347870054624195e-01
2.458335462489880156e+06 3.986264778716979151e-01
2.458335463010710198e+06 4.604711114991903997e-01
2.458335463554679882e+06 3.687172876689182033e-01
2.458335464110219851e+06 3.489577967757124810e-01
2.458335464642620180e+06 4.006487402460461311e-01
2.458335465186589863e+06 4.132685306724752650e-01
2.458335465742129833e+06 3.009389055775795185e-01
2.458335466262950096e+06 4.231344552757150268e-01
2.458335466818499845e+06 4.050895843640329730e-01
2.458335467350889929e+06 3.850422401130213501e-01
2.458335467894860078e+06 3.876541083553117772e-01
2.458335468438830227e+06 3.661949461050628685e-01
2.458335468982799910e+06 4.112368504818064707e-01
2.458335469526770059e+06 3.668806560492523516e-01
2.458335470070740208e+06 3.064624428072590945e-01
2.458335470603140071e+06 4.860768172533518339e-01
2.458335471135530155e+06 3.725002868418680890e-01
2.458335471691079903e+06 4.579473709996122466e-01
2.458335472200320102e+06 3.953098290065746312e-01
2.458335472755869851e+06 3.829010902186844589e-01
2.458335473288259935e+06 3.972467363013674202e-01
2.458335473820659798e+06 4.173957840469117997e-01
2.458335474364629947e+06 4.707188942761817430e-01
2.458335474897029810e+06 3.880302842285576759e-01
2.458335475440999959e+06 4.491289878577156003e-01
2.458335475984970108e+06 4.862305733387479734e-01
2.458335476517360192e+06 4.912682901454452633e-01
2.458335477072909940e+06 3.644665881924797901e-01
2.458335477616880089e+06 4.801669390489138323e-01
2.458335478149270173e+06 4.036910235962771765e-01
2.458335478693239857e+06 4.423799699693784504e-01
2.458335479225640185e+06 4.744932371101473478e-01
2.458335479769609869e+06 4.496127442647832595e-01
2.458335480313580018e+06 4.089840985539883178e-01
2.458335480857550167e+06 3.785867609124871080e-01
2.458335481401519850e+06 4.236471513077049167e-01
2.458335481933909934e+06 2.999503449797451538e-01
2.458335482477880083e+06 4.299003438238351293e-01
2.458335483010279946e+06 5.292849112697837199e-01
2.458335483565819915e+06 3.981886579810680615e-01
2.458335484098219778e+06 4.455744243360832968e-01
2.458335484642189927e+06 5.238808374711965143e-01
2.458335485174580012e+06 3.498927313116784177e-01
2.458335485730130225e+06 4.727531965183295881e-01
2.458335486274099909e+06 4.864235106045509127e-01
2.458335486806489993e+06 5.126420402232980678e-01
2.458335487338889856e+06 4.126409160649249230e-01
2.458335487894429825e+06 5.010183458923140876e-01
2.458335488438399974e+06 4.490966687801165591e-01
2.458335488993950188e+06 4.746715920459134708e-01
2.458335489526339807e+06 4.475769171035608451e-01
2.458335490070309956e+06 4.606278612727088273e-01
2.458335490614280105e+06 3.816807739928780308e-01
2.458335491158249788e+06 4.461181104403380004e-01
2.458335491690650117e+06 3.019119449468732341e-01
2.458335492223049980e+06 3.723088642843830343e-01
2.458335492767020129e+06 4.017793074538591469e-01
2.458335493310989812e+06 4.190909773950810546e-01
2.458335493866529781e+06 3.753867472280187911e-01
2.458335494398919865e+06 5.291627820552466943e-01
2.458335494931320194e+06 3.918532735879942663e-01
2.458335495463720057e+06 3.820409903772237215e-01
2.458335496007690206e+06 4.864734384789972665e-01
2.458335496551659890e+06 4.033687882330667662e-01
2.458335497084049974e+06 4.507692552696873634e-01
2.458335497616449837e+06 3.882666669052898811e-01
2.458335499294649810e+06 4.198715237199248662e-01
2.458335499827050138e+06 3.991543426768870972e-01
2.458335500382590108e+06 4.249974737363011457e-01
2.458335500914989971e+06 4.309682732393937954e-01
2.458335501447380055e+06 3.823097725352724296e-01
2.458335501991350204e+06 3.689832884819974623e-01
2.458335502523750067e+06 3.675524863949455323e-01
2.458335503079290036e+06 3.999489518985974712e-01
2.458335503611689899e+06 4.366691018966601945e-01
2.458335504144090228e+06 4.560089303617704815e-01
2.458335504699630197e+06 4.305809727173404156e-01
2.458335505243599880e+06 3.439342420574487136e-01
2.458335505764420144e+06 4.020893420412026131e-01
2.458335506319969893e+06 3.842027458971841725e-01
2.458335506863940042e+06 3.660902265236885000e-01
2.458335507396330126e+06 4.527368461937495425e-01
2.458335507928729989e+06 3.782744806050644115e-01
2.458335508472700138e+06 4.242010035454910621e-01
2.458335509005090222e+06 4.077816847362978336e-01
2.458335509549059905e+06 3.688231529983276857e-01
2.458335510081459768e+06 3.780514217171937474e-01
2.458335510625429917e+06 4.205770658096419368e-01
2.458335511169400066e+06 3.649899065977599832e-01
2.458335511701799929e+06 3.860500282057657273e-01
2.458335512257339898e+06 3.892910149896220418e-01
2.458335512789740227e+06 4.200607541689969082e-01
2.458335513333700132e+06 3.915151515484396327e-01
2.458335513877669815e+06 3.685680678971809954e-01
2.458335514410070144e+06 4.318696497266962808e-01
2.458335514942470007e+06 3.512863124782299451e-01
2.458335515486440156e+06 3.323976282288043649e-01
2.458335516030409839e+06 4.221328741943750629e-01
2.458335516562799923e+06 3.204815792690354215e-01
2.458335517106770072e+06 3.742177904666430521e-01
2.458335517650740221e+06 3.786676721273352086e-01
2.458335518183140084e+06 3.552097489058745339e-01
2.458335518738680054e+06 3.512929026441078406e-01
2.458335519271079917e+06 3.980229103416697001e-01
2.458335519815050066e+06 3.347428869737623103e-01
2.458335520359020215e+06 3.489463720391299262e-01
2.458335520891409833e+06 3.623353361149597163e-01
2.458335521423810162e+06 3.984891976815170267e-01
2.458335521956210025e+06 3.447917291991977606e-01
2.458335522500180174e+06 3.908417406201465383e-01
2.458335523055720143e+06 2.881374079257277288e-01
2.458335523588110227e+06 3.294888592772284852e-01
2.458335524132090155e+06 4.181769183391583766e-01
2.458335524664479773e+06 4.308541220997579302e-01
2.458335525220020209e+06 3.603000285578623618e-01
2.458335525752420072e+06 3.527177221067940849e-01
2.458335526284819935e+06 3.084581670968518097e-01
2.458335526817210019e+06 3.718581817163322256e-01
2.458335527372760233e+06 3.979824099479003507e-01
2.458335527905149851e+06 2.765961477918441602e-01
2.458335528449120000e+06 4.160397086013993828e-01
2.458335528981519863e+06 3.937656086177128145e-01
2.458335529525490012e+06 3.476316532014429583e-01
2.458335530069460161e+06 3.681214087488520192e-01
2.458335530601849779e+06 3.132650367621749865e-01
2.458335531145819928e+06 3.559523907712200952e-01
2.458335531678219792e+06 3.676758814985987556e-01
2.458335532222189941e+06 3.709972753837291748e-01
2.458335532766160090e+06 3.230974324193773839e-01
2.458335533298559953e+06 3.366339175358223912e-01
2.458335533854099922e+06 4.022068559275471245e-01
2.458335534386499785e+06 3.066228775719821442e-01
2.458335534930460155e+06 2.555958840031973267e-01
2.458335535462860018e+06 2.409613370218579576e-01
2.458335535995259881e+06 2.918319976654650816e-01
2.458335536550799850e+06 3.842439042224228274e-01
2.458335537083200179e+06 3.927959649924304131e-01
2.458335537627169862e+06 3.687405878347096433e-01
2.458335538159559947e+06 2.843408767629362899e-01
2.458335538691959810e+06 3.355779313793192387e-01
2.458335539247499779e+06 3.333589994690537850e-01
2.458335539779900108e+06 3.517630979969670335e-01
2.458335540312290192e+06 3.072588487565646176e-01
2.458335540856259875e+06 2.661997695911342277e-01
2.458335541400230024e+06 3.049337396246567522e-01
2.458335541944200173e+06 3.843403276735379848e-01
2.458335542476600036e+06 3.311765622294053912e-01
2.458335543032140005e+06 3.191050748015733518e-01
2.458335543552970048e+06 3.519961816176149227e-01
2.458335544096940197e+06 3.655069749150108294e-01
2.458335544640909880e+06 3.534547351126775538e-01
2.458335545196449850e+06 2.229977668704599125e-01
2.458335545728850178e+06 3.287167914569604221e-01
2.458335546272810083e+06 4.569703466149839244e-01
2.458335546805209946e+06 3.430267204089574307e-01
2.458335547337609809e+06 3.544089919198540883e-01
2.458335547869999893e+06 3.955374573727112875e-01
2.458335548425550107e+06 3.477097380039335661e-01
2.458335548957940191e+06 3.799120420446442381e-01
2.458335549513489939e+06 2.987384214107677849e-01
2.458335550045880023e+06 3.646059009001660911e-01
2.458335550578279886e+06 3.037061514174155263e-01
2.458335551110669971e+06 3.497698165001406068e-01
2.458335551666220184e+06 3.847810988504285490e-01
2.458335552198609803e+06 3.233040169043732703e-01
2.458335552731010132e+06 3.020401619408215055e-01
2.458335554316619877e+06 3.539352425546766767e-01
2.458335554860590026e+06 4.555905569986702375e-01
2.458335555404560175e+06 3.582900837123617066e-01
2.458335555936960038e+06 3.659205712115465303e-01
2.458335556480930187e+06 2.348819823743948376e-01
2.458335557036470156e+06 3.982093666249486574e-01
2.458335557568870019e+06 4.189691991442483499e-01
2.458335558112840168e+06 3.494713576989898485e-01
2.458335558645240031e+06 5.331459382080048215e-01
2.458335559200780001e+06 2.418540637524984049e-01
2.458335559744750150e+06 3.440440169783656188e-01
2.458335560265569948e+06 3.215306348369786349e-01
2.458335560821109917e+06 4.040073952585299111e-01
2.458335561353509780e+06 4.238431326505640584e-01
2.458335561897479929e+06 4.517315465826694521e-01
2.458335562429879792e+06 2.852299858360751728e-01
2.458335562973849941e+06 3.147187597222238509e-01
2.458335563506240025e+06 3.899166330682728443e-01
2.458335564061789773e+06 3.663565069852818823e-01
2.458335564605759922e+06 2.802156180180865874e-01
2.458335565138150007e+06 4.004823627084945770e-01
2.458335565682120156e+06 3.250672166694172915e-01
2.458335566214520019e+06 3.170756557583018775e-01
2.458335566746910103e+06 4.193577225420543897e-01
2.458335567290879786e+06 4.011596005410247301e-01
2.458335567823280115e+06 2.080386250116266211e-01
2.458335568367249798e+06 3.684446950354445249e-01
2.458335569999159779e+06 4.179320466089677666e-01
2.458335570543129928e+06 4.175399872692366898e-01
2.458335590496399906e+06 4.101106857758924917e-01
2.458335596422200091e+06 5.405913291432362655e-01
2.458336432133200113e+06 4.583805418465498605e-01
2.458336432665599976e+06 4.710085696086352414e-01
2.458336433209570125e+06 5.131461935048111656e-01
2.458336433741960209e+06 4.463879390468257213e-01
2.458336434297509957e+06 4.724266137048829250e-01
2.458336434829900041e+06 4.872816005553151086e-01
2.458336435362299904e+06 4.678291786506605376e-01
2.458336435906270053e+06 5.174772036333887826e-01
2.458336436450240202e+06 4.473084449621076431e-01
2.458336436994209886e+06 4.082837934826386572e-01
2.458336437503450084e+06 4.612095475607702610e-01
2.458336438035849947e+06 4.692517198170094161e-01
2.458336438579820096e+06 4.846552126229290991e-01
2.458336439112219959e+06 5.041473921916708179e-01
2.458336439656179864e+06 4.869595910177988429e-01
2.458336440200150013e+06 4.197913290005157450e-01
2.458336440744120162e+06 4.800172006983025597e-01
2.458336441288089845e+06 5.444414920557427706e-01
2.458336441843640059e+06 4.246613070629052800e-01
2.458336442376030143e+06 5.814613233773524570e-01
2.458336442919999827e+06 4.930321591600268505e-01
2.458336443475539796e+06 4.897107835542762189e-01
2.458336444007940125e+06 5.537483472163913234e-01
2.458336444540339988e+06 5.136437767155239698e-01
2.458336445072730072e+06 4.838795404764919539e-01
2.458336445616700221e+06 4.911366934091283554e-01
2.458336446149100084e+06 4.544887902649747957e-01
2.458336446693069767e+06 4.936065079907585584e-01
2.458336447237039916e+06 4.626281087560695227e-01
2.458336447769430000e+06 5.521224761743912524e-01
2.458336448324980214e+06 4.766157651839506570e-01
2.458336448845800012e+06 4.863551537818153747e-01
2.458336449389770161e+06 4.710483212651972451e-01
2.458336449933739845e+06 5.054630670887529931e-01
2.458336450466129929e+06 5.003463068139915038e-01
2.458336451010100078e+06 4.359957103986253912e-01
2.458336451554070227e+06 5.175779435826441954e-01
2.458336452086470090e+06 4.591352416801370850e-01
2.458336452618860174e+06 4.882245177131903091e-01
2.458336453162829857e+06 4.937821724667106338e-01
2.458336453706800006e+06 5.385495221570320012e-01
2.458336454250770155e+06 5.115080904837263631e-01
2.458336454794739839e+06 4.411139724790409389e-01
2.458336455338709988e+06 4.682707137841219946e-01
2.458336455871100072e+06 4.807990938460573460e-01
2.458336456426649820e+06 4.534095136170162021e-01
2.458336456959039904e+06 4.182385596478077616e-01
2.458336457514590118e+06 5.063717076279221629e-01
2.458336458046980202e+06 5.095343090368036343e-01
2.458336458579380065e+06 4.373364687129601691e-01
2.458336459123350214e+06 4.239991599170753744e-01
2.458336459655739833e+06 4.721452128905010426e-01
2.458336460211290047e+06 4.305189910444440216e-01
2.458336460743680131e+06 4.673172218775860642e-01
2.458336461276079994e+06 5.598431557815448656e-01
2.458336461820050143e+06 4.297928228646146209e-01
2.458336462375590112e+06 4.309232338016961705e-01
2.458336462931130081e+06 4.858157881405684719e-01
2.458336463463529944e+06 4.330044793985141638e-01
2.458336465639410075e+06 3.988547863145797123e-01
2.458336466160229873e+06 4.610001532261200907e-01
2.458336466704200022e+06 5.317986423918981131e-01
2.458336467236590106e+06 5.093901699714429299e-01
2.458336467780559789e+06 4.584854574560708329e-01
2.458336468324529938e+06 5.290365424225527136e-01
2.458336468856929801e+06 4.777256177599564779e-01
2.458336469400899950e+06 4.542800263134285643e-01
2.458336469944870099e+06 3.956947221648068336e-01
2.458336470488839783e+06 5.394722006681469395e-01
2.458336471032809932e+06 5.192620720045422189e-01
2.458336471565200016e+06 4.626430460389236998e-01
2.458336472109170165e+06 5.185689057447753214e-01
2.458336472653139848e+06 4.191942761822957664e-01
2.458336473185540177e+06 4.649412084484154661e-01
2.458336473729509860e+06 4.312295411945861190e-01
2.458336474273480009e+06 4.986146973124618853e-01
2.458336474805870093e+06 4.358486941866779318e-01
2.458336475338269956e+06 4.624014605532167366e-01
2.458336475893809926e+06 5.122275470114043827e-01
2.458336476437780075e+06 4.619963541526956874e-01
2.458336476981750224e+06 4.450485574487288432e-01
2.458336477525719907e+06 4.290241302542714408e-01
2.458336478069690056e+06 4.800462712999777892e-01
2.458336478625230026e+06 4.415142736889148267e-01
2.458336479169200175e+06 5.191151152742108366e-01
2.458336479701600038e+06 4.959652890522523450e-01
2.458336480233990122e+06 4.870612511399876610e-01
2.458336480766389985e+06 4.741146128595445930e-01
2.458336481310360134e+06 4.745948571806586358e-01
2.458336481865900103e+06 5.396089336707206030e-01
2.458336482398299966e+06 4.912632916899966062e-01
2.458336482930690050e+06 4.900082624323314207e-01
2.458336483474660199e+06 4.422578960226548617e-01
2.458336484007060062e+06 4.126678067204814226e-01
2.458336484551030211e+06 5.202589428604422750e-01
2.458336485094999894e+06 5.193669974474257600e-01
2.458336485627389979e+06 5.362035861311049700e-01
2.458336487074119970e+06 4.183954042773940785e-01
2.458336487618090119e+06 4.976048622017472667e-01
2.458336488150489982e+06 4.913729652789413649e-01
2.458336488706029952e+06 4.381700204139313826e-01
2.458336489250000101e+06 4.623855679142927499e-01
2.458336489770819899e+06 4.868953952393830775e-01
2.458336490314790048e+06 4.936386479587770992e-01
2.458336490858760197e+06 5.185653184696281670e-01
2.458336491391149815e+06 4.962483479785770868e-01
2.458336491935119964e+06 5.113860728675643230e-01
2.458336492467519827e+06 5.061548244394220575e-01
2.458336493011489976e+06 4.404296406425949328e-01
2.458336493567029946e+06 5.284205106045085643e-01
2.458336494111000095e+06 5.174318620856723783e-01
2.458336494631819893e+06 4.561470286476829727e-01
2.458336495175790042e+06 4.258741762660278596e-01
2.458336495708189905e+06 3.971283678493833236e-01
2.458336496252160054e+06 4.870480435990636181e-01
2.458336496796130203e+06 5.172845251482804940e-01
2.458336497328519821e+06 4.840431018924800100e-01
2.458336497872489970e+06 4.436058239139004655e-01
2.458336498416460119e+06 4.842697555097608131e-01
2.458336498948859982e+06 4.787758098997745293e-01
2.458336499492830131e+06 4.282831307654380026e-01
2.458336500036799815e+06 4.855779563180231406e-01
2.458336500569189899e+06 4.806295941466061095e-01
2.458336501113160048e+06 4.094253825454252649e-01
2.458336501657130197e+06 4.231713040965772166e-01
2.458336502189530060e+06 4.351136536872690641e-01
2.458336503289040178e+06 5.149705660533570040e-01
2.458336503809859976e+06 5.113164431833698842e-01
2.458336504365410190e+06 4.486901874665178980e-01
2.458336504886229988e+06 4.230484510408256682e-01
2.458336505441769958e+06 5.165679738588284664e-01
2.458336505974169821e+06 4.599089973633407880e-01
2.458336506506559905e+06 4.391481164917738766e-01
2.458336507062099874e+06 4.667719614334497891e-01
2.458336507594500203e+06 4.845758603943757237e-01
2.458336508126900066e+06 5.245406451816467808e-01
2.458336508670870215e+06 4.702340404266962537e-01
2.458336509214830119e+06 4.503267713456811094e-01
2.458336509747229982e+06 4.350763583789110100e-01
2.458336510291200131e+06 4.514063072620135841e-01
2.458336510823599994e+06 3.916030496269851113e-01
2.458336511379139964e+06 4.707382470311483047e-01
2.458336511911539827e+06 4.349408753045160836e-01
2.458336512443929911e+06 4.699801616819172523e-01
2.458336512999469880e+06 4.711538737484275430e-01
2.458336513531870209e+06 4.239067733658927750e-01
2.458336514064259827e+06 4.889299044279287187e-01
2.458336514596660156e+06 4.842808269651186492e-01
2.458336515140629839e+06 4.096899153105013625e-01
2.458336515673030168e+06 4.486669895705013289e-01
2.458336516216999851e+06 5.409696407850930200e-01
2.458336516760960221e+06 4.784370436418718953e-01
2.458336517293360084e+06 4.695334714708536694e-01
2.458336517837329768e+06 5.252029786886431850e-01
2.458336518381299917e+06 5.252475168343853085e-01
2.458336518925270066e+06 4.422031803874126865e-01
2.458336519469240215e+06 4.740887684994543605e-01
2.458336520001629833e+06 4.437015844387719454e-01
2.458336520534030162e+06 4.073938325420822792e-01
2.458336521066419780e+06 4.584303788074546304e-01
2.458336521598820109e+06 4.506775505430198336e-01
2.458336522142789792e+06 4.887627612208991223e-01
2.458336522675190121e+06 4.492439982235936213e-01
2.458336523207580205e+06 4.872206479036940152e-01
2.458336523751549888e+06 4.566163614797744685e-01
2.458336524307089858e+06 4.401626886335066047e-01
2.458336524839490186e+06 4.940024541836844918e-01
2.458336525371890049e+06 5.226082614235725288e-01
2.458336525915849954e+06 4.934276557892900428e-01
2.458336526448249817e+06 4.820246512853856302e-01
2.458336527003789786e+06 4.477421167045143591e-01
2.458336527536190115e+06 4.694879243534693103e-01
2.458336528068589978e+06 4.971175748876355271e-01
2.458336528600980062e+06 4.122657091741004365e-01
2.458336529156520031e+06 4.616008713733670277e-01
2.458336529700490180e+06 5.003726615099086672e-01
2.458336530232890043e+06 4.344719436620287922e-01
2.458336530765280128e+06 4.270296000325028984e-01
2.458336531320829876e+06 4.194968903789764170e-01
2.458336531841650140e+06 3.751954524323526385e-01
2.458336532385619823e+06 4.653109928156258235e-01
2.458336532929589972e+06 5.035514552163000701e-01
2.458336533461980056e+06 4.395418698861739415e-01
2.458336534017529804e+06 4.835043269594407889e-01
2.458336534561499953e+06 4.358646155940046896e-01
2.458336535093890037e+06 4.868531213746809527e-01
2.458336535637860186e+06 4.286340085342992268e-01
2.458336536170260049e+06 4.311728305035025244e-01
2.458336536702650134e+06 4.903521949601135077e-01
2.458336537235049997e+06 4.448280960571828757e-01
2.458336537779020146e+06 5.006341451060887238e-01
2.458336538311410230e+06 3.750439273073222779e-01
2.458336538866959978e+06 5.010334126153317413e-01
2.458336539387779776e+06 4.741802457482027222e-01
2.458336539931749925e+06 4.478831580294837522e-01
2.458336540475720074e+06 4.682501414006310370e-01
2.458336542061329819e+06 4.772569043630312535e-01
2.458336542582150083e+06 4.820413847168509847e-01
2.458336543126120232e+06 5.955251300194746022e-01
2.458336543670089915e+06 4.864850608002235788e-01
2.458336544202489778e+06 5.180060646634956356e-01
2.458336544758030213e+06 5.118447996361350505e-01
2.458336545290430076e+06 5.102798089061515441e-01
2.458336545834400225e+06 4.387773058558561701e-01
2.458336546378369909e+06 4.072543984955814267e-01
2.458336546910759993e+06 4.947132392743487372e-01
2.458336547443159856e+06 5.366974957313868089e-01
2.458336547987130005e+06 4.627958008049262162e-01
2.458336548519520089e+06 5.441479686990504661e-01
2.458336549075069837e+06 4.969737585065647778e-01
2.458336549619030207e+06 5.109572151150327812e-01
2.458336550151430070e+06 5.152085961931831548e-01
2.458336550683829933e+06 5.437800427179038110e-01
2.458336551227800082e+06 4.825477740544599214e-01
2.458336551771770231e+06 5.058378955452269565e-01
2.458336552292590030e+06 4.395653144072753093e-01
2.458336552836560179e+06 4.603534024400648406e-01
2.458336553380529862e+06 5.843789818200981756e-01
2.458336553924490232e+06 5.241032469408235528e-01
2.458336554456890095e+06 4.541576823745767655e-01
2.458336555000859778e+06 4.864110665932397382e-01
2.458336555521680042e+06 4.637127210789593335e-01
2.458336556054079905e+06 4.883980925073512225e-01
2.458336556586469989e+06 4.921429022710057666e-01
2.458336557142020203e+06 5.034495593539034530e-01
2.458336557674409822e+06 4.574401528612295209e-01
2.458336558206810150e+06 4.617515046005404855e-01
2.458336558750779834e+06 4.551022990983017991e-01
2.458336559294749983e+06 5.172638259493105295e-01
2.458336559827140067e+06 5.144665138539359361e-01
2.458336560382689815e+06 4.113384939458697431e-01
2.458336560915079899e+06 5.230197891750592021e-01
2.458336561459050048e+06 4.654983774237493321e-01
2.458336562003020197e+06 4.742788604022187826e-01
2.458336562535420060e+06 4.313150463568646842e-01
2.458336563079390209e+06 4.965335705163020918e-01
2.458336563634930179e+06 4.307519675442410545e-01
2.458336564155749977e+06 5.657239008291181648e-01
2.458336564676569775e+06 4.717616514523221838e-01
2.458336565232119989e+06 4.908603514686387115e-01
2.458336565764510073e+06 5.517520439965402090e-01
2.458336566308480222e+06 4.859436957833551674e-01
2.458336566840880085e+06 4.588324531186511734e-01
2.458336567384849768e+06 5.651401920834082659e-01
2.458336567917239852e+06 3.793662653893363768e-01
2.458336568449640181e+06 4.063466530101784713e-01
2.458336569005180150e+06 4.364509806133867187e-01
2.458336569549149834e+06 5.028626510812639339e-01
2.458336570093119983e+06 5.051431582401377796e-01
2.458336570625510067e+06 4.924452856505538989e-01
2.458336571157909930e+06 5.030980932990676280e-01
2.458336571701880079e+06 4.923393363449939386e-01
2.458336572245850228e+06 4.443993149836984458e-01
2.458336572789819911e+06 4.894649461576250360e-01
2.458336573322209995e+06 4.800412316015645331e-01
2.458336573854609858e+06 5.458028295074637271e-01
2.458336574398580007e+06 4.427693903011800103e-01
2.458336574942550156e+06 4.629176041670994834e-01
2.458336575486519840e+06 4.358728868649048849e-01
2.458336576018909924e+06 3.948737786216529599e-01
2.458336576551309787e+06 5.003634113726604937e-01
2.458336577095279936e+06 5.026566615701248963e-01
2.458336577627670020e+06 4.721336331481751358e-01
2.458336578171640169e+06 4.142938637015980419e-01
2.458336578727189917e+06 4.776251825302342269e-01
2.458336579259580001e+06 4.627829901724709316e-01
2.458336579803550150e+06 5.280846709017232854e-01
2.458336580347519834e+06 4.618677457739153169e-01
2.458336580879920162e+06 4.425004642461853877e-01
2.458336581412309781e+06 4.815988117672702629e-01
2.458336581956279930e+06 4.925384427431218626e-01
2.458336582488679793e+06 4.866578205205023266e-01
2.458336583032649942e+06 4.636289902646133498e-01
2.458336583576620091e+06 4.207221594721737290e-01
2.458336584109010175e+06 3.964876005797997038e-01
2.458336584652979858e+06 4.350029901169989444e-01
2.458336585185380187e+06 5.933108079757047904e-01
2.458336585729349870e+06 3.804905634504720524e-01
2.458336586273320019e+06 4.701201065930469269e-01
2.458336586794139817e+06 4.739898456594922038e-01
2.458336587338109966e+06 4.474111028445797444e-01
2.458336587870500050e+06 4.830362958998613010e-01
2.458336588414470199e+06 4.532239499218988499e-01
2.458336588970019948e+06 5.046095854350163279e-01
2.458336589502410032e+06 4.499656442765171960e-01
2.458336590046380181e+06 5.056922565003993952e-01
2.458336590578780044e+06 5.157930207398297995e-01
2.458336591122750193e+06 4.634907519936533049e-01
2.458336591655139811e+06 4.500545073353983128e-01
2.458336592199109960e+06 4.986523106517033455e-01
2.458336592731509823e+06 3.872976504488363503e-01
2.458336593275479972e+06 2.892675090347296418e-01
2.458336593807870056e+06 3.829437418825705208e-01
2.458336594363419805e+06 3.676473966046724939e-01
2.458336594907380175e+06 4.459989046319119410e-01
2.458336595439780038e+06 4.573891596476222787e-01
