2.456142330832459964e+06 4.338450781723501848e-02
2.456142336492060218e+06 7.403863293104251397e-02
2.456142343274329789e+06 1.005191500359110535e-01
2.456142346931669861e+06 1.093147616019845003e-01
2.456142347741839942e+06 1.154460705355475625e-01
2.456142348551999778e+06 8.162387997395903483e-02
2.456142349373749923e+06 5.813638759947181711e-02
2.456142350195489824e+06 8.338265571630998352e-02
2.456142351040380076e+06 9.162238148397072734e-02
2.456142351850550156e+06 8.695500183241300363e-02
2.456142352683870122e+06 1.214797109113963103e-01
2.456142353505610023e+06 1.059585430842204801e-01
2.456142354327349924e+06 1.026293563218363403e-01
2.456142371120989788e+06 7.682476452608000272e-02
2.456142371826999821e+06 1.132053848809935204e-01
2.456142372533000074e+06 7.808709322422124899e-02
2.456142373204280157e+06 4.947899027794200322e-02
2.456142373898710124e+06 1.132685670636632835e-01
2.456142374581569806e+06 7.456305852025302272e-02
2.456142375275999773e+06 3.556257011159225101e-02
2.456142375970430207e+06 1.051973194846169690e-01
2.456142376653289888e+06 7.161403532301591213e-02
2.456142377382440027e+06 4.902141528718040320e-02
2.456142378053720109e+06 6.640752539140315491e-02
2.456142378759730142e+06 6.740815680105782803e-02
2.456142379454160109e+06 9.366913605854776392e-02
2.456142380137010012e+06 4.872699854808892894e-02
2.456142380831439979e+06 7.882912811749243076e-02
2.456142381537450012e+06 7.853756351541107961e-02
2.456142382220310159e+06 8.857150468421437495e-02
2.456142382903160062e+06 8.042537862359999679e-02
2.456142383574440144e+06 7.317686265356471154e-02
2.456142384280450176e+06 7.452496242620298972e-02
2.456142384986449964e+06 1.317635988696324034e-01
2.456142385680879932e+06 8.047938755927219745e-02
2.456142386386889964e+06 2.866518748394852878e-02
2.456142387058170047e+06 5.063290412475751623e-02
2.456142387775749899e+06 7.404767018255142830e-02
2.456142388458599802e+06 8.698733724743945572e-02
2.456142389187760185e+06 6.645897199818406875e-02
2.456142389893759973e+06 5.586441130278529954e-02
2.456142390588189941e+06 5.031971778283406138e-02
2.456142391294199973e+06 7.552344384915343767e-02
2.456142391988629941e+06 9.461010401899194733e-02
2.456142392694630194e+06 5.991479507950892014e-02
2.456142393400629982e+06 7.117472503829347374e-02
2.456142394083490130e+06 7.319776943618805376e-02
2.456142394812639803e+06 1.331860596725853441e-02
2.456142395507069770e+06 4.370224995333771290e-02
2.456142396201500203e+06 1.209975857547345157e-01
2.456142396930649877e+06 6.974801184087198180e-02
2.456142397613510024e+06 3.066222641035665220e-02
2.456142398354240227e+06 6.618157960988213517e-02
2.456142399025519844e+06 3.240330033493243889e-02
2.456142399731520098e+06 6.423446988783787504e-02
2.456142400437530130e+06 5.455437271903917917e-02
2.456142401143529918e+06 6.181630619001587945e-02
2.456142401849539950e+06 8.323271426096745529e-02
2.456142402543969918e+06 5.171883473528637865e-02
2.456142403249970172e+06 6.343880567964177430e-02
2.456142403932829853e+06 5.914031901526328738e-02
2.456142404638830107e+06 9.568806084235603748e-03
2.456142405333260074e+06 3.863187012909108375e-02
2.456142406085560098e+06 7.037419814941436869e-02
2.456142406756849959e+06 7.714764277095653711e-02
2.456142407462850213e+06 6.527047562198795561e-02
2.456142409511419944e+06 2.754345540607516796e-02
2.456142410090109799e+06 7.582189426435448354e-02
2.456142410668800119e+06 6.923684324009293789e-02
2.456142411247489974e+06 1.196017222009899683e-01
2.456142411849330179e+06 7.860696244350151574e-02
2.456142412428029813e+06 9.460841106806050504e-02
2.456142413018289953e+06 6.325952258873890344e-02
2.456142413596979808e+06 9.382789070862251890e-02
2.456142414175679907e+06 1.199798915360208440e-01
2.456142414777520113e+06 2.725378014927493098e-02
2.456142415934899822e+06 2.763581597750786045e-02
2.456142416525170207e+06 6.827844407673389071e-02
2.456142417103860062e+06 6.694162803016823204e-02
2.456142417694120202e+06 7.910296565523822210e-02
2.456142418272819836e+06 6.568708354530450322e-02
2.456142418851510156e+06 5.516065326663799340e-02
2.456142419418630190e+06 3.705057472418538111e-02
2.456142420008889865e+06 6.192731951710683802e-02
2.456142420599159785e+06 3.545231771575707569e-02
2.456142421177850105e+06 6.267226385945434686e-02
2.456142421744970139e+06 3.281300391450514553e-02
2.456142422323659994e+06 9.620118012457190559e-02
2.456142422902349848e+06 3.492184159667210963e-02
2.456142423481040169e+06 7.655464777752385430e-02
2.456142424106029794e+06 4.750286925728275378e-02
2.456142424696300179e+06 2.706824576596744691e-02
2.456142425263409968e+06 4.968734128983776088e-02
2.456142425865250174e+06 6.946343584695924278e-02
2.456142426443949807e+06 1.189393057754095651e-02
2.456142427011060063e+06 8.258082650827169857e-02
2.456142427589760162e+06 9.201976604903450152e-02
2.456142428168450017e+06 3.211483307407192456e-02
2.456142428758710157e+06 2.112155710987018153e-02
2.456142429337409791e+06 5.015163143226253339e-02
2.456142429927669931e+06 6.065257376375399190e-02
2.456142430506359786e+06 7.975065884485132983e-02
2.456142431096630171e+06 8.517262553496429689e-02
2.456142431675320026e+06 3.348042232838643883e-02
2.456142432265589945e+06 1.556217596004216830e-02
2.456142432832700200e+06 4.728048532876272247e-02
2.456142433411399834e+06 9.544821129904335066e-02
2.456142434152119793e+06 3.753071105274408126e-02
2.456142434742390178e+06 4.066691018654466916e-02
2.456142435332649853e+06 6.793588252268456529e-02
2.456142435899769887e+06 4.791222854587573465e-02
2.456142436490039807e+06 5.250056421393978212e-02
2.456142437068730127e+06 7.601993258090722350e-02
2.456142437670569867e+06 7.991088128571455229e-02
2.456142438237689901e+06 9.037212038670006109e-02
2.456142438816380221e+06 1.031792257513988176e-01
2.456142439395070076e+06 6.534974730860199088e-02
2.456142439973759931e+06 6.372761930579251555e-02
2.456142440587180201e+06 9.735508218067145947e-02
2.456142441142720170e+06 1.198730961293144048e-01
2.456142441732990090e+06 7.624312664459864664e-02
2.456142442311679944e+06 1.084547175273815611e-01
2.456142442890369799e+06 6.476568361923185080e-02
2.456142443480640184e+06 8.753902318708739472e-02
2.456142444047760218e+06 6.121456130445324106e-02
2.456142445135700051e+06 8.999674236524413118e-02
2.456142445737539791e+06 7.293469732500135194e-02
2.456142446374100167e+06 9.295736803638021684e-02
2.456142446975939907e+06 9.573527597382458509e-02
2.456142447566200048e+06 5.700312730927592497e-02
2.456142448156469967e+06 7.748313652393612472e-02
2.456142448735159822e+06 4.392372566510083232e-02
2.456142449348569848e+06 7.206581453390370484e-02
2.456142449950410053e+06 7.808734650301474289e-02
2.456142450529110152e+06 1.019519360932541474e-01
2.456142451096219942e+06 1.034915576690984551e-01
2.456142451674920041e+06 2.139022610485064035e-02
2.456142452288330067e+06 7.099814470547549661e-02
2.456142452855450101e+06 6.905061611980300995e-02
2.456142453434139956e+06 6.776950284872818031e-02
2.456142454001259990e+06 1.153924393563308115e-01
2.456142454579949845e+06 -6.293316708481100363e-03
2.456142455204939935e+06 5.650798798413347868e-04
2.456142455783629790e+06 1.324516327721614317e-01
2.456142456373889931e+06 1.446817979230985429e-02
2.456142456964159850e+06 7.037527010900035407e-02
2.456142457542850170e+06 1.650958015529262468e-01
2.456142466940809973e+06 1.026871343493773736e-01
2.456142467531070113e+06 1.038010419521153693e-01
2.456142468109770212e+06 5.150635357086486010e-02
2.456142468700029887e+06 2.934447406526352609e-02
2.456142469278720208e+06 7.272137984036142200e-02
2.456142469857419841e+06 5.357757502692628293e-02
2.456142470436110161e+06 4.338146371318885031e-02
2.456142471014800016e+06 3.556789214258415655e-02
2.456142471593489870e+06 1.235190795190650448e-01
2.456142472172180191e+06 4.657541407689613777e-02
2.456142472739300225e+06 5.773101486027343299e-02
2.456142473317990080e+06 7.723705061672703209e-02
2.456142473919829819e+06 7.579986922336168220e-02
2.456142474486949854e+06 9.762540954094767187e-02
2.456142475065640174e+06 1.978333261153686351e-02
2.456142475644339807e+06 2.113544789131971413e-02
2.456142476246180013e+06 8.388381916808462790e-02
2.456142476824869867e+06 9.519053365607810235e-02
2.456142477391989902e+06 1.941535978280484187e-02
2.456142477982250042e+06 4.493295734387459106e-02
2.456142478549370077e+06 9.256352135244227952e-02
2.456142479116490111e+06 5.492917698747845634e-02
2.456142479706749786e+06 6.501092060542390527e-02
2.456142483387229964e+06 2.363160696754640355e-02
2.456142483919629827e+06 4.609936148284177193e-02
2.456142484486749861e+06 9.539644258736501570e-02
2.456142485030720010e+06 3.913987980623545582e-02
2.456142485574690159e+06 1.630510203355761689e-02
2.456142486141810194e+06 5.174190153594793173e-02
2.456142486708930228e+06 3.864173399719916802e-02
2.456142487241319846e+06 6.708872265906506982e-02
2.456142487785289995e+06 8.160897118906795811e-02
2.456142488340840209e+06 3.877777116408331892e-02
2.456142488884809893e+06 5.441924744565085348e-02
2.456142489428780042e+06 5.560592035405775846e-02
2.456142489961170126e+06 2.506867629381659413e-02
2.456142490516719874e+06 4.257529617394872901e-02
2.456142491060690023e+06 3.459505650396721421e-02
2.456142491604660172e+06 5.351027207029268595e-02
2.456142492206499912e+06 6.218212400371214699e-02
2.456142492750470061e+06 7.049337791141141452e-02
2.456142493294440210e+06 1.689660928186675903e-02
2.456142493838409893e+06 3.462494517905767566e-02
2.456142494382380042e+06 7.698991541694688578e-02
2.456142494949500076e+06 -1.738869810310106345e-02
2.456142495505040046e+06 3.003112211811753696e-02
2.456142496049010195e+06 8.527883929230739568e-02
2.456142496604559943e+06 1.949311159638966728e-02
2.456142497160099912e+06 5.425938951383102449e-02
2.456142497704070061e+06 8.822757761442545643e-02
2.456142498248040210e+06 4.133327528015584562e-02
2.456142498803589959e+06 3.810638573198943391e-02
2.456142499359129928e+06 2.154152855574409386e-02
2.456142499891529791e+06 -8.453067749769616057e-03
2.456142500447070226e+06 2.537565505477523686e-02
2.456142501025760081e+06 3.383767728679565323e-02
2.456142501558159944e+06 3.072818039732183593e-02
2.456142502125279978e+06 3.852388228619751942e-02
2.456142502669250127e+06 5.817675971374036692e-02
2.456142503224790096e+06 1.924956956639256589e-02
2.456142503768759780e+06 1.809170192056441806e-02
2.456142504301160108e+06 2.405090708842116953e-02
2.456142504856709857e+06 8.610587714279915872e-03
2.456142505400680006e+06 1.437516584485898363e-02
2.456142505967789795e+06 4.637801188363077642e-02
2.456142506511759944e+06 4.978363759694914847e-02
2.456142507055730093e+06 2.989037374384118095e-02
2.456142507599699777e+06 3.968779296992330785e-02
2.456142508166819811e+06 1.462395620876222324e-02
2.456142508722370025e+06 6.082038010753976209e-02
2.456142509266340174e+06 5.192481782358626674e-02
2.456142509833460208e+06 4.767010574955321545e-04
2.456142510400569998e+06 4.747389608698426855e-02
2.456142510944540147e+06 2.933844340220659319e-02
2.456142511488509830e+06 4.483226877291457413e-02
2.456142512044060044e+06 4.979639296376880964e-02
2.456142512599600013e+06 -1.360396415548414950e-02
2.456142513155150227e+06 3.546638915271316250e-02
2.456142513710690197e+06 -6.191626197029620471e-04
2.456142514266239945e+06 3.187212855353749319e-02
2.456142514821779914e+06 8.848049234543786667e-02
2.456142515400469769e+06 2.770196990304008011e-02
2.456142515944439918e+06 2.353915496314584743e-03
2.456142516523129772e+06 2.345239839682555782e-02
2.456142517078679986e+06 5.993059810553447164e-02
2.456142517622650135e+06 6.431280917032822231e-02
2.456142518166619819e+06 1.314100233807380391e-02
2.456142518710589968e+06 7.423817510495389627e-02
2.456142519277710002e+06 3.196119688700171935e-02
2.456142519821680151e+06 7.361347551153585300e-02
2.456142520388800185e+06 7.338754565285476872e-02
2.456142520932769869e+06 3.344707288636428189e-02
2.456142521476740018e+06 5.222444636920009486e-02
2.456142522020710167e+06 3.664029261329915244e-02
2.456142522564679850e+06 5.574698056678428770e-02
2.456142523131799884e+06 5.194681457400207591e-02
2.456142523675770033e+06 9.086472531315337164e-03
2.456142524219740182e+06 3.028838528525312768e-02
2.456142524775280152e+06 3.536830871014906563e-02
2.456142525342400186e+06 4.002170716420394569e-02
2.456142525897940155e+06 6.321424569329536780e-02
2.456142526430340018e+06 4.614293841253669370e-03
2.456142526974310167e+06 6.875933749176255105e-02
2.456142527529859915e+06 8.353792081642374967e-02
2.456142528085399885e+06 -1.417323067975928552e-04
2.456142528640939854e+06 -1.037547806217276047e-02
2.456142529173340183e+06 6.936227704400366179e-02
2.456142529728880152e+06 9.824343468172536120e-02
2.456142530284429900e+06 5.728726183033394648e-02
2.456142530874690041e+06 6.641892072091870602e-02
2.456142531418669969e+06 4.012395038896876542e-02
2.456142531962640118e+06 3.682770255153400285e-04
2.456142532518180087e+06 4.684662400215700018e-03
2.456142533062149771e+06 5.645020649722809480e-02
2.456142533606119920e+06 2.169210779064201233e-02
2.456142534150090069e+06 1.342037979049237606e-02
2.456142534705639817e+06 -3.672248160001956307e-02
2.456142535261179786e+06 5.395729252745518068e-02
2.456142535805149935e+06 9.760655821913211128e-02
2.456142536372269969e+06 3.005515535426894758e-02
2.456142536939390004e+06 7.688227497569855018e-02
2.456142537483360153e+06 5.458891140078137028e-03
2.456142538027329836e+06 3.975727078994140129e-02
2.456142538582869805e+06 1.508855544398990389e-02
2.456142539138420019e+06 6.685440879246229429e-02
2.456142539682390168e+06 7.927603620833068021e-02
2.456142540226359852e+06 -1.169726405099602573e-02
2.456142540770330001e+06 1.164333418677720999e-01
2.456142541337439790e+06 2.802262405009514623e-02
2.456142541881420184e+06 1.433836979021219094e-01
2.456142542425389867e+06 5.568919097725810730e-02
2.456142542980929837e+06 7.045339125625105225e-02
2.456142543524899986e+06 7.657947780049489950e-02
2.456142544103589840e+06 4.285165315500272243e-02
2.456142544670709874e+06 1.620292861244898575e-02
2.456142545237829909e+06 4.755477751165315681e-02
2.456142545804949943e+06 2.605833610656205224e-02
2.456142546348920092e+06 7.188638877582853581e-02
2.456142546881310176e+06 7.239034718614689723e-02
2.456142547448430210e+06 9.802716874794548119e-02
2.456142547992399894e+06 2.965909835516633564e-02
2.456142548536370043e+06 2.334434792395434499e-02
2.456142549080340192e+06 5.046499381865032774e-02
2.456142549647460226e+06 8.940837079196661819e-02
2.456142550191429909e+06 6.483919622012379591e-02
2.456142550735400058e+06 8.299671947570530506e-03
2.456142551290949807e+06 7.602278110683435841e-02
2.456142551846489776e+06 4.985112792545365323e-02
2.456142552378890105e+06 5.408505118278306156e-02
2.456142552922859788e+06 4.335227877919223261e-02
2.456142553466829937e+06 6.413679883779543900e-02
2.456142553999220021e+06 6.836176234274660146e-02
2.456142554566340055e+06 7.630695486126093385e-02
2.456142555133460090e+06 1.005814679185501603e-01
2.456142555677429773e+06 6.147639706297880480e-02
2.456142556221399922e+06 4.285558472401618246e-02
2.456142556776950136e+06 7.253124999710891530e-02
2.456142557332490105e+06 9.354236814611027739e-02
2.456142557864889968e+06 4.660791694676547081e-02
2.456142558432000224e+06 7.573076802157530096e-02
2.456142558975969907e+06 8.321029856975137307e-02
2.456142559519940056e+06 1.530520880811003792e-01
2.456142560098640155e+06 5.338130807788843413e-02
2.456142560642609838e+06 7.470934875435553124e-02
2.456142561186579987e+06 1.162666197025767900e-01
2.456142561742119957e+06 4.849370333153046886e-02
2.456142562297670171e+06 8.189214623902252299e-02
2.456142562841639854e+06 5.335577830061843940e-02
2.456142563385610003e+06 3.906699944577773920e-02
2.456142563918000087e+06 2.716565337730614260e-02
2.456142564473549835e+06 9.950682137492172785e-02
2.456142565017519984e+06 6.935725916761370513e-02
2.456142565561490133e+06 5.331162574518621966e-02
2.456142566105459817e+06 7.537682192573313955e-02
2.456142566637860145e+06 5.959050720275982371e-02
2.456142567181829829e+06 7.366847217270588999e-02
2.456142567737369798e+06 7.234926773078242945e-02
2.456142568281339947e+06 7.286932299414239367e-02
2.456142568825310096e+06 6.001446448014036150e-02
2.456142569380850065e+06 6.161654808199479305e-02
2.456142569936399814e+06 8.538747425612669417e-03
2.456142570480369963e+06 9.130849172302646366e-02
2.456142571047489997e+06 4.275656449771148004e-02
2.456142571579880081e+06 3.818208290319624609e-02
2.456142572123850230e+06 1.388488664920792814e-01
2.456142572667830158e+06 6.767441372586802117e-02
2.456142573211799841e+06 7.153168824711819695e-02
2.456142573755769990e+06 1.078977335981381458e-01
2.456142574311309960e+06 4.644591257031294163e-02
2.456142574878429994e+06 1.326585483697328982e-01
2.456142575422400143e+06 1.433315710314886360e-02
2.456142575977940112e+06 2.270757284941815612e-02
2.456142576521909796e+06 4.568903100020804686e-02
2.456142577065879945e+06 4.746688617268546295e-02
2.456142577621430159e+06 7.029264676356028474e-02
2.456142578165399842e+06 1.048574638446986285e-01
2.456142578697789926e+06 1.375255664746326545e-01
2.456142579253340140e+06 1.070993155080373072e-01
2.456142579797309823e+06 4.632498605868207164e-02
2.456142580341279972e+06 1.490214677556647160e-01
2.456142580896819942e+06 8.269760212094290353e-02
2.456142581452370156e+06 4.125881974950473818e-02
2.456142582054209895e+06 8.579986043966236764e-02
2.456142582586599980e+06 4.856999490653102214e-02
2.456142583130570129e+06 2.887294758014391505e-02
2.456142583674539812e+06 1.167192085014399083e-01
2.456142584218520205e+06 3.355204287982971323e-02
2.456142584762489889e+06 7.188082566491615921e-02
2.456142585306460038e+06 1.711299810595718895e-01
2.456142585850430187e+06 1.208770671804195729e-01
2.456142586394399870e+06 8.519449406363222010e-02
2.456142586938370019e+06 5.310888441225891654e-02
2.456142587493909989e+06 1.240408599092219788e-01
2.456142588061030023e+06 7.595150041236919947e-02
2.456142588616569992e+06 7.296262830439914637e-02
2.456142589148969855e+06 7.645517138263357992e-02
2.456142589692940004e+06 6.573795546160177139e-02
2.456142590236910153e+06 5.695349104743030466e-02
2.456142590780879837e+06 4.299147477603249001e-02
2.456142591336430050e+06 1.013537583634658290e-01
2.456142591903539840e+06 1.175090555786582058e-01
2.456142592482239939e+06 4.628012881540932710e-02
2.456142593037779909e+06 2.680391456793884686e-03
2.456142595665039960e+06 1.284659665003893281e-01
2.456142596220590174e+06 3.244992455109674268e-02
2.456142596764559858e+06 7.872372511478253898e-02
2.456142597308530007e+06 4.932027348860046345e-02
2.456142597840920091e+06 9.171119855534826115e-02
2.456142598396469839e+06 4.018763185380258562e-02
2.456142598940439988e+06 8.487118097334445110e-02
2.456142599484410137e+06 1.630314553057452542e-01
2.456142600028379820e+06 4.398375540622545543e-02
2.456142600583919790e+06 1.052216489748243333e-01
2.456142601151039824e+06 9.118187828367041448e-02
2.456142601752880029e+06 8.102764355899871873e-02
2.456142602296850178e+06 -2.723649060802557642e-02
2.456142602863970213e+06 1.411347470262498405e-01
2.456142603431089781e+06 1.434510617763748996e-01
2.456142603975059930e+06 7.158517095887262371e-02
2.456142604519030079e+06 1.069729546255722141e-01
2.456142605074570049e+06 1.553293935954158655e-02
2.456142605630119797e+06 1.115852780605841588e-02
2.456142606174089946e+06 1.809540950985208951e-01
2.456142606729629915e+06 6.864338127707370063e-02
2.456142607273600064e+06 -8.969394752551096417e-03
2.456142607817570213e+06 1.325225303483605899e-01
2.456142608349970076e+06 -1.290213724313815646e-02
2.456142608917090110e+06 8.269657188648160684e-02
2.456142609461059794e+06 3.254946944153758182e-02
2.456142610039750114e+06 3.891169832596652611e-02
2.456142610583719797e+06 1.346704127287168262e-01
2.456142611150839832e+06 5.125953259565463327e-02
2.456142611694809981e+06 1.051482843437412384e-01
2.456142612250349950e+06 8.419875759344463972e-02
2.456142612794320099e+06 3.812464690405903411e-02
2.456142613338289782e+06 7.489524585078122243e-02
2.456142613870690111e+06 9.296089817352637397e-03
2.456142614449379966e+06 5.567166801023581968e-02
2.456142614993350115e+06 1.007542493580029230e-01
2.456142615548890084e+06 5.975930886423341803e-02
2.456142616081289947e+06 1.214114445706044876e-01
2.456142616648409981e+06 9.155023312335508479e-02
2.456142617203949951e+06 9.348355804273822400e-02
2.456142617771069985e+06 8.630682322841209952e-02
2.456142618326620199e+06 3.393782839976466903e-02
2.456142618882160168e+06 1.452294687051942645e-01
2.456142619414560031e+06 2.882077275226517799e-01
2.456142619958530180e+06 2.064457378093926820e-01
2.456142620525650214e+06 5.339894442610670922e-02
2.456142621092760004e+06 9.390836808091052035e-02
2.456142621636730153e+06 7.189468056388115258e-02
2.456142622192279901e+06 -3.533901165308606096e-02
2.456142622736250050e+06 -4.361753054442374378e-02
2.456142623280220199e+06 6.693267484354237240e-02
2.456143352894760203e+06 5.605679360308712944e-02
2.456143353438729886e+06 8.669553361323600882e-02
2.456143353959559929e+06 1.182824116085665622e-01
2.456143354491950013e+06 1.090191705421865720e-01
2.456143355012780055e+06 9.735609847355242152e-02
2.456143355545170140e+06 1.008998763150508182e-01
2.456143356089139823e+06 1.223211439753324470e-01
2.456143356609960087e+06 9.443768881606118271e-02
2.456143357177080121e+06 1.161156860024199489e-01
2.456143357709479984e+06 1.151426723245254635e-01
2.456143358230299782e+06 1.047241082388303823e-01
2.456143358785840217e+06 9.411111567193941596e-02
2.456143359306669794e+06 1.125939446005812528e-01
2.456143359839059878e+06 1.015222104548278992e-01
2.456143360371460207e+06 1.382310727399591599e-01
2.456143360892280005e+06 9.098733204922737627e-02
2.456143361413099803e+06 7.283594477848076565e-02
2.456143361945500132e+06 7.436302011077522423e-02
2.456143362477899995e+06 2.471775833953593349e-02
2.456143363021870144e+06 6.602725426535727138e-02
2.456143363542689942e+06 9.691420412602269607e-02
2.456143364098229911e+06 1.223674404106365188e-01
2.456143364665349945e+06 8.338301164216410655e-02
2.456143365244039800e+06 4.634818357963155222e-02
2.456143365822730120e+06 1.132181112056276362e-01
2.456143366389850155e+06 1.041841911965928347e-01
2.456143366968540009e+06 1.005433424359143402e-01
2.456143367535660043e+06 1.051093698298704027e-01
2.456143368114349898e+06 1.067867722927609009e-01
2.456143368681469932e+06 1.022487835916479071e-01
2.456143369248589966e+06 9.990566715971027634e-02
2.456143369757839944e+06 7.059301026676578772e-02
2.456143370278660208e+06 9.852757698857139701e-02
2.456143370799480006e+06 6.920641816987505024e-02
2.456143371343450155e+06 8.085948651551966293e-02
2.456143371852700133e+06 1.042578603464292542e-01
2.456143372396669816e+06 8.957814003734831942e-02
2.456143372917490080e+06 1.183579562905734406e-01
2.456143373438320123e+06 1.198970111315684761e-01
2.456143373959139921e+06 1.165352842314621995e-01
2.456143374479960185e+06 9.281880787485263795e-02
2.456143375012360048e+06 8.981465569081592548e-02
2.456143375544750132e+06 8.286652571302788317e-02
2.456143376100299880e+06 1.069853855289011335e-01
2.456143376621120144e+06 1.167978129032469781e-01
2.456143377141939942e+06 1.278066269747810679e-01
2.456143377662760206e+06 1.231627679780018525e-01
2.456143378172010183e+06 9.381600174980242457e-02
2.456143378739130218e+06 9.104795395704456951e-02
2.456143379317820072e+06 8.176083372060993781e-02
2.456143379919659812e+06 1.358694028247295904e-01
2.456143380452060141e+06 9.645375380956267009e-02
2.456143380961310118e+06 6.157809377338807622e-02
2.456143381482129917e+06 1.031494889236430623e-01
2.456143382060819771e+06 8.314837818056375340e-02
2.456143382593220100e+06 9.059296501744640295e-02
2.456143383114039898e+06 9.239664860497143195e-02
2.456143383658010047e+06 9.917402804596520127e-02
2.456143384167260025e+06 5.698566225800760776e-02
2.456143384699650109e+06 1.135286715842394045e-01
2.456143385220480151e+06 1.055127995180722422e-01
2.456143385752869770e+06 1.004259703804564197e-01
2.456143386296839919e+06 8.804550994996418467e-02
2.456143386829239782e+06 1.005354216567546644e-01
2.456143387361629866e+06 1.052971430249858287e-01
2.456143387870879844e+06 9.096584092988813097e-02
2.456143388414849993e+06 5.123648947483161464e-02
2.456143388935680036e+06 1.312490295369954652e-01
2.456143389479650185e+06 8.614539087633055203e-02
2.456143389988889918e+06 1.106473456460967952e-01
2.456143390521289781e+06 9.379463047484470906e-02
2.456143391030540224e+06 6.371233437064915961e-02
2.456143391551360022e+06 8.035958511190344211e-02
2.456143392072179820e+06 1.168396505331230628e-01
2.456143392593009863e+06 9.223985740977447279e-02
2.456143393102259841e+06 9.710888050359045565e-02
2.456143393634649925e+06 1.062346951862718214e-01
2.456143394155470189e+06 7.875674580300895400e-02
2.456143394687870052e+06 6.252657834644104184e-02
2.456143395220269915e+06 1.207099573992458375e-01
2.456143395798959769e+06 8.054252102774128730e-02
2.456143402095119935e+06 7.741210635739825818e-02
2.456143402569650207e+06 8.867766497399820480e-02
2.456143403032599948e+06 1.192392955850891667e-01
2.456143403472410049e+06 4.658771114020865411e-02
2.456143403946939856e+06 8.608189102669072668e-02
2.456143404398309998e+06 5.043872719880937439e-02
2.456143404861269984e+06 1.130365182123380663e-01
2.456143405335799791e+06 1.054106758920276832e-01
2.456143405798749998e+06 1.025853767981512732e-01
2.456143406250129919e+06 9.358638507962524500e-02
2.456143406759379897e+06 7.888432269741230130e-02
2.456143407210759819e+06 9.531151861123632330e-02
2.456143407685279846e+06 8.084016414339600942e-02
2.456143408148239832e+06 1.227779551253380674e-01
2.456143408611190040e+06 7.763141320245914301e-02
2.456143409074139781e+06 1.006240059929019992e-01
2.456143409548670053e+06 9.492623754880646914e-02
2.456143410000049975e+06 1.435140537135310979e-01
2.456143410486150067e+06 7.220385916668803361e-02
2.456143410972250160e+06 1.183084158819287524e-01
2.456143411423630081e+06 1.038236121165958536e-01
2.456143411898159888e+06 5.053117430912301700e-02
2.456143412337960210e+06 8.846911660162426472e-02
2.456143412824059837e+06 9.392623909572961338e-02
2.456143413298590109e+06 8.655256969496250008e-02
2.456143413773119915e+06 1.189612438965124142e-01
2.456143414270789828e+06 8.698595769212680295e-02
2.456143414745320100e+06 8.188989964102866281e-02
2.456143415231420193e+06 8.601940869553992286e-02
2.456143415682800114e+06 1.089544508610664764e-01
2.456143416157329921e+06 1.039178075982647442e-01
2.456143416643430013e+06 3.857212893667316678e-02
2.456143417117959820e+06 1.192532374417059060e-01
2.456143417580910027e+06 1.053321304444612139e-01
2.456143418055439834e+06 1.327039135393555114e-01
2.456143418518390041e+06 1.154474792664537119e-01
2.456143418992919847e+06 8.862754941646677764e-02
2.456143419444299769e+06 7.761419439744443594e-02
2.456143419930399861e+06 8.563868419756914818e-02
2.456143420404919889e+06 9.745077531472290389e-02
2.456143420879450161e+06 1.062996313771229495e-01
2.456143421353979968e+06 1.416300768469156424e-01
2.456143421828509774e+06 9.771337177961569864e-02
2.456143422268310096e+06 8.698678860048403294e-02
2.456143422742839903e+06 1.184817718771054018e-01
2.456143423194219824e+06 8.995701102934461346e-02
2.456143423680319916e+06 1.006103335810664134e-01
2.456143424143270124e+06 1.134727969562341343e-01
2.456143424594650045e+06 5.603051491488741931e-02
2.456143425046029966e+06 6.635851168456241567e-02
2.456143425520559773e+06 6.677615871617703647e-02
2.456143425971940160e+06 1.048942399147065885e-01
2.456143426446460187e+06 9.658814145505445481e-02
2.456143426909420174e+06 5.052874167473042633e-02
2.456143427395519800e+06 8.394658519960351839e-02
2.456143427858470008e+06 6.610837930066537638e-02
2.456143428321420215e+06 1.059680660609032543e-01
2.456143428795950022e+06 8.907910135661545326e-02
2.456143429258900229e+06 1.354676982659910323e-01
2.456143429721860215e+06 1.108429794179048855e-01
2.456143430219530128e+06 4.692175624428962522e-02
2.456143430694059934e+06 1.008262597653164505e-01
2.456143431145439856e+06 1.826262338244184491e-01
2.456143431608390063e+06 8.521253102829184911e-02
2.456143432082919870e+06 1.194209246272794900e-01
2.456143432545870077e+06 1.148984231405751899e-01
2.456143432997249998e+06 6.869803100931726192e-02
2.456143433471779805e+06 9.066453848152278283e-02
2.456143433934730012e+06 6.441330305035997128e-02
2.456143434397689998e+06 9.907193836632544048e-02
2.456143434860640205e+06 8.490868594668832259e-02
2.456143435312020127e+06 1.314607853776283974e-01
2.456143435774969868e+06 1.078949882249418124e-01
2.456143436249500141e+06 6.666394967206379363e-02
2.456143436700880062e+06 8.088834701354130630e-02
2.456143437152259983e+06 7.339549881125329023e-02
2.456143437638360076e+06 1.368454816032844690e-01
2.456143438112889882e+06 1.296055732901688629e-01
2.456143438598989975e+06 1.348417681476625773e-01
2.456143439061940182e+06 1.130611604442872675e-01
2.456143439536469989e+06 1.706470186684612145e-01
2.456143439999420196e+06 1.332193686560536605e-01
2.456143440473950002e+06 7.207924123926368054e-02
2.456143440936900210e+06 6.363025744305872422e-02
2.456143441388280131e+06 1.148348511301602315e-01
2.456143441851229873e+06 9.107805909449417925e-02
2.456143442372059915e+06 1.086317601502280183e-01
2.456143442835010123e+06 1.328052349368515905e-01
2.456143443309539929e+06 1.266686429541792336e-01
2.456143443760910071e+06 1.150061351453004477e-01
2.456143444247019943e+06 8.385824903517757889e-02
2.456143444721539970e+06 1.240384697502339151e-01
2.456143445184499957e+06 1.122226146209932551e-01
2.456143445647450164e+06 1.043771514925762034e-01
2.456143446098830085e+06 1.613634815580144988e-01
2.456143446596499998e+06 1.297233417171330672e-01
2.456143447071029805e+06 1.216506551134397540e-01
2.456143447568709962e+06 1.145414115194025584e-01
2.456143448031660169e+06 1.590089528415301601e-01
2.456143448494609911e+06 8.245286510954485948e-02
2.456143448969140183e+06 1.451140734722216052e-01
2.456143449443669990e+06 1.221466882423829503e-01
2.456143449906620197e+06 7.203442137955384794e-02
2.456143450415870175e+06 9.722861630088885931e-02
2.456143450901969802e+06 1.060878296030711709e-01
2.456143451353350189e+06 1.638346051771772949e-01
2.456143451827879995e+06 9.062259129093419574e-02
2.456143452302400023e+06 7.886853071289934292e-02
2.456143452765360009e+06 1.336424549482533308e-01
2.456143453239880037e+06 1.331543785139110980e-01
2.456143453702840023e+06 1.043966854199247507e-01
2.456143454165790230e+06 1.000625521143092556e-01
2.456143454628739972e+06 1.271001589959261935e-01
2.456143455091699958e+06 1.067373663651505211e-01
2.456143455554650165e+06 1.274660318085363286e-01
2.456143456006030086e+06 7.727691776700673643e-02
2.456143456480559893e+06 8.365972683609967930e-02
2.456143456955079921e+06 1.409045803219370896e-01
2.456143457441180013e+06 1.286736989931380748e-01
2.456143457904139999e+06 5.338230187949477568e-02
2.456143458367090207e+06 9.559563078687460802e-02
2.456143458818470128e+06 1.187518408096401856e-01
2.456143459304570220e+06 1.317879951990867937e-01
2.456143459767519962e+06 1.144151028444486684e-01
2.456143460265200119e+06 1.324828770125687782e-01
2.456143460728149861e+06 1.408001836005592367e-01
2.456143461202680133e+06 8.914021087599621751e-02
2.456143461665629875e+06 1.381116684663759031e-01
2.456143462151729967e+06 1.240767829411222323e-01
2.456143462614689954e+06 9.402762882623605378e-02
2.456143463077640161e+06 1.015515990829047865e-01
2.456143463552169967e+06 1.227697348245726516e-01
2.456143464003549889e+06 8.850143172204916198e-02
2.456143464454920031e+06 1.185997968622558574e-01
2.456143464952600189e+06 1.123332318354162140e-01
2.456143465450270101e+06 1.404957977648972900e-01
2.456143465913230088e+06 1.606888966652260109e-01
2.456143466376179829e+06 1.049900700301655831e-01
2.456143466839130037e+06 1.038997858973242927e-01
2.456143467313659843e+06 1.236802915084034282e-01
2.456143467799759936e+06 1.175626261628366365e-01
2.456143468274290208e+06 1.352463326653108311e-01
2.456143468748820014e+06 1.237657210807832087e-01
2.456143469200199936e+06 9.128057013929335994e-02
2.456143469663150143e+06 1.164166292962711680e-01
2.456143470114530064e+06 1.033586722760038157e-01
2.456143470589050092e+06 9.551811023314904503e-02
2.456143471052010078e+06 1.116687950694377207e-01
2.456143471514959820e+06 6.506108180305503197e-02
2.456143471966340207e+06 1.423485947726366163e-01
2.456143472429289948e+06 1.196469824116448422e-01
2.456143472926970106e+06 1.318137797466008010e-01
2.456143473389919847e+06 8.859690934164454745e-02
2.456143473887600005e+06 1.067976218289548029e-01
2.456143474350550212e+06 7.839058217558658725e-02
2.456143474813499954e+06 1.264969350006559523e-01
2.456143475264879875e+06 7.874213578456235041e-02
2.456143475739410147e+06 1.190541071960229402e-01
2.456143476202359889e+06 1.702060073396385320e-01
2.456143476711609866e+06 1.109030184240324957e-01
2.456143477174560074e+06 1.386368354444194040e-01
2.456143477649089880e+06 1.091148899450953280e-01
2.456143478100469802e+06 9.380887347722932645e-02
2.456143478586569894e+06 1.126458392689588806e-01
2.456143479061100166e+06 1.189860788430898708e-01
2.456143479581919964e+06 1.367603206232779200e-01
2.456143480044879951e+06 7.603142632419945812e-02
2.456143480507830158e+06 1.279799730957797976e-01
2.456143480959210079e+06 1.040704097122375771e-01
2.456143481422159821e+06 1.146393491612478499e-01
2.456143481885110028e+06 1.174482095841291596e-01
2.456143482348070014e+06 1.666709932486298840e-01
2.456143482787869871e+06 1.088699090625500077e-01
2.456143483273969963e+06 1.515013963393645469e-01
2.456143483748499770e+06 1.350634482959254257e-01
2.456143484199880157e+06 7.862868537755396403e-02
2.456143484674409963e+06 1.301038228162951782e-01
2.456143485125789884e+06 1.508889627346725604e-01
2.456143485611889977e+06 1.119866836612306571e-01
2.456143486086410005e+06 1.275697099487551611e-01
2.456143486584090162e+06 1.163547412237520007e-01
2.456143487047039904e+06 1.511124847141829264e-01
2.456143487498419825e+06 1.415662305724865178e-01
2.456143487972950097e+06 1.524007371672944089e-01
2.456143488435899839e+06 1.317414673424917027e-01
2.456143488910430111e+06 1.246272638191445736e-01
2.456143489361810032e+06 1.023492446311209392e-01
2.456143489836339839e+06 5.183664910468444020e-02
2.456143490322439931e+06 9.443067339274335836e-02
2.456143490796959959e+06 6.364775144976775323e-02
2.456143491248339880e+06 9.007362778292637984e-02
2.456143491722870152e+06 1.287530854792873214e-01
2.456143492185819894e+06 9.779691494102493721e-02
2.456143492648779880e+06 1.292122958783412656e-01
2.456143493134879973e+06 1.292984063812792073e-01
2.456143493609400000e+06 1.042038558422309080e-01
2.456143496190370061e+06 1.024630574148943651e-01
2.456143496688039973e+06 1.032014090357495917e-01
2.456143497150999960e+06 1.351931844549891792e-01
2.456143497613950167e+06 1.001357647937801687e-01
2.456143498076899908e+06 1.153773384988490136e-01
2.456143498528279830e+06 1.497714714324640539e-01
2.456143499002810102e+06 7.362392366439962643e-02
2.456143499477339908e+06 1.102514819569897497e-01
2.456143499940290116e+06 8.478269328587373366e-02
2.456143500414819922e+06 1.602096040018601286e-01
2.456143500877770130e+06 7.797393738842828270e-02
2.456143501352299936e+06 1.042136603392513905e-01
2.456143501849969849e+06 1.047536241385476075e-01
2.456143502347650006e+06 1.311111112017631086e-01
2.456143502810600214e+06 1.007543970464972460e-01
2.456143503261980135e+06 1.716841392619983253e-01
2.456143503724929877e+06 8.294694025876836463e-02
2.456143504199460149e+06 1.465292427149549326e-01
2.456143504662409890e+06 1.418946522980064628e-01
2.456143505136940163e+06 9.433627782068221279e-02
2.456143505611469969e+06 1.421215165621418919e-01
2.456143506074420176e+06 1.399052067326689297e-01
2.456143506548949983e+06 8.921860687259020040e-02
2.456143507023470011e+06 7.866005867068537327e-02
2.456143507486429997e+06 1.171444793094114090e-01
2.456143507960950024e+06 1.491434275823451117e-01
2.456143508447059896e+06 9.855295495625071567e-02
2.456143508898439817e+06 9.118308322148394041e-02
2.456143509372959845e+06 1.417154584348505608e-01
2.456143509870640002e+06 1.509848102601001330e-01
2.456143510345160030e+06 1.376040626366119568e-01
2.456143510808120016e+06 1.554873407156431853e-01
2.456143511271070223e+06 1.602020023633130563e-01
2.456143511745600030e+06 1.260047379247275501e-01
2.456143512208549771e+06 1.645806161507632481e-01
2.456143512706220150e+06 1.666057695728930810e-01
2.456143513180749957e+06 9.048887936985394731e-02
2.456143513643709943e+06 8.527578684106984497e-02
2.456143514118229970e+06 1.810413569157169889e-01
2.456143514546460006e+06 1.762094515396732675e-01
2.456143515055709984e+06 1.535624930681223077e-01
2.456143515553390142e+06 6.665353868882206712e-02
2.456143516085780226e+06 1.741913483304635690e-01
2.456143516595030203e+06 9.682522461630860278e-02
2.456143517115850002e+06 1.453792387473136216e-01
2.456143517625099979e+06 1.253418304589217769e-01
2.456143518134349957e+06 1.384663376642372157e-01
2.456143518655170221e+06 1.505674872084732385e-01
2.456143519164420199e+06 1.358730040175153420e-01
2.456143519685239997e+06 1.003203605248383923e-01
2.456143520182920154e+06 1.575562651079174259e-01
2.456143520680590067e+06 7.686357156961598491e-02
2.456143521131969988e+06 1.651183255391899252e-01
2.456143521571780089e+06 1.420031319852927965e-01
2.456143522034729831e+06 1.672641175463311924e-01
2.456143522509260103e+06 9.549356160501432100e-02
2.456143522995360196e+06 1.083059435977453688e-01
2.456143523469890002e+06 1.341800217499127257e-01
2.456143523944410030e+06 1.426185756465034871e-01
2.456143524418939836e+06 1.270560272762182308e-01
2.456143524893470109e+06 1.151512181627314391e-01
2.456143525344850030e+06 1.484739694663481657e-01
2.456143525819379836e+06 1.983039807626703066e-01
2.456143526259180158e+06 1.756469974662948630e-01
2.456143526722129900e+06 1.657115687201446974e-01
2.456143527208229993e+06 9.698592879495571140e-02
2.456143527671189979e+06 1.125943712914487804e-01
2.456143528145719785e+06 1.502005867317954824e-01
2.456143528631819878e+06 1.298523640651367828e-01
2.456143529117919970e+06 1.475495172380725251e-01
2.456143529580870178e+06 1.720387948517334564e-01
2.456143530043819919e+06 1.371295073241380891e-01
2.456143530495199841e+06 1.336084854738892602e-01
2.456143530958159827e+06 1.555241556701112415e-01
2.456143531432679854e+06 2.080710125114109132e-01
2.456143531884059776e+06 1.526780517511650004e-01
2.456143532335440163e+06 1.684777162671036166e-01
2.456143532821539789e+06 8.868439959511675852e-02
2.456143533261349890e+06 1.601379149825330472e-01
2.456143533724300098e+06 1.542615591089333549e-01
2.456143534187249839e+06 1.479795672185577615e-01
2.456143534650209825e+06 1.236190178152387631e-01
2.456143535136309918e+06 1.872757701715528356e-01
2.456143535587689839e+06 1.251765189168594361e-01
2.456143536085360218e+06 1.364239065156525044e-01
2.456143536559890024e+06 2.267830685051013262e-01
2.456143537022840232e+06 1.146584826881422714e-01
2.456143537485800218e+06 1.041975669744417132e-01
2.456143537948749959e+06 1.614293227696386168e-01
2.456143538411700167e+06 1.513718847120166799e-01
2.456143538874660153e+06 1.450858097003155933e-01
2.456143539337609895e+06 1.155684833203434181e-01
2.456143539788989816e+06 1.718048337724855656e-01
2.456143540263520088e+06 1.506427756065988888e-01
2.456143540726469830e+06 1.631649651587068206e-01
2.456143541166270152e+06 1.200636825457923607e-01
2.456143541652369779e+06 1.232743615725215847e-01
2.456143542138480116e+06 1.049593163613558033e-01
2.456143542613000143e+06 1.198695501217397208e-01
2.456143543087529950e+06 1.373142557493682858e-01
2.456143543573630042e+06 1.531149437128735968e-01
2.456143544048159849e+06 1.466925266308098941e-01
2.456143544522679877e+06 1.795696503002908173e-01
2.456143545008790214e+06 1.287425209030512718e-01
2.456143545471739955e+06 1.708583943524306648e-01
2.456143545934690163e+06 1.195340171982550714e-01
2.456143546386070084e+06 1.349521414287977450e-01
2.456143546860599890e+06 8.264503368768139069e-02
2.456143547335130163e+06 1.270270171870500064e-01
2.456143547798079904e+06 7.832259475650182878e-02
2.456143548261030111e+06 1.129547568695201676e-01
2.456143548723990098e+06 1.596943022982539873e-01
2.456143549198510125e+06 1.383345569099496686e-01
2.456143549638320226e+06 1.741293830910937146e-01
2.456143550101269968e+06 1.824006005130467400e-01
2.456143550564220175e+06 1.097640986466466018e-01
2.456143551015600096e+06 1.673131151425675256e-01
2.456143551501700189e+06 1.548116019423844136e-01
2.456143551964660175e+06 1.389863545735163797e-01
2.456143552416040096e+06 1.859017746325637432e-01
2.456143552890560124e+06 1.251208411061774939e-01
2.456143553399810102e+06 1.435378824405795228e-01
2.456143553862770088e+06 1.052278934440185054e-01
2.456143554314150009e+06 7.309240317880139060e-02
2.456143554777100217e+06 1.100495221192403505e-01
2.456143555286350194e+06 7.089414407914951255e-02
2.456144341207069810e+06 7.475283552899369965e-02
2.456144341681600083e+06 7.696131721038312890e-02
2.456144342132980004e+06 5.675544945615307313e-02
2.456144342584359925e+06 1.187750171203703076e-01
2.456144343058879953e+06 7.713339873652458323e-02
2.456144343510259874e+06 1.300430144168558400e-01
2.456144343984790146e+06 9.874474963975643504e-02
2.456144344424590003e+06 8.448138299545959740e-02
2.456144344899119809e+06 9.562923469198025828e-02
2.456144345350500196e+06 9.377951320312760686e-02
2.456144345813449938e+06 1.285819333820761301e-01
2.456144346276409924e+06 9.609014803261217708e-02
2.456144346739360131e+06 6.368564541628884967e-02
2.456144347237030044e+06 1.182808791969218731e-01
2.456144347723130137e+06 1.005222741192817182e-01
2.456144348186090123e+06 9.340066457083118223e-02
2.456144348649039865e+06 1.044989852796796015e-01
2.456144349135139957e+06 7.252984360460601465e-02
2.456144349598090164e+06 1.613500531095883872e-01
2.456144350061050151e+06 1.242265303406480115e-01
2.456144350523999892e+06 8.713793903464051027e-02
2.456144350986950099e+06 1.261208334629770889e-01
2.456144351461479906e+06 9.397412627387602413e-02
2.456144351924430113e+06 1.273494508172010597e-01
2.456144352375810035e+06 8.302545802400729258e-02
2.456144352827189956e+06 7.152509335908874277e-02
2.456144353313290048e+06 8.303722038248295689e-02
2.456144353834109847e+06 9.442879479914623175e-02
2.456144354285489768e+06 8.431817641050010081e-02
2.456144354748439975e+06 8.113685270567394525e-02
2.456144355222969782e+06 9.706138246942330738e-02
2.456144355674350169e+06 8.664231339012218314e-02
2.456144356148879975e+06 1.481421190861382797e-01
2.456144356634980068e+06 8.208774081456837735e-02
2.456144357097929809e+06 5.155516713812957619e-02
2.456144357549310196e+06 1.393220044520120382e-01
2.456144358023840003e+06 1.249147288430325631e-01
2.456144358498360030e+06 1.050833664397643474e-02
2.456144358949739952e+06 1.159247035326913533e-01
2.456144359424270224e+06 1.476135706723891161e-01
2.456144359887219965e+06 1.017706459331577662e-01
2.456144360361749772e+06 7.768494796063940555e-02
2.456144360836280044e+06 1.013398586821185887e-01
2.456144361299229786e+06 1.168997969665639403e-01
2.456144361762179993e+06 1.371822223185006351e-01
2.456144362225130200e+06 8.959561665416337917e-02
2.456144362664939836e+06 8.398553326315294498e-02
2.456144363139470108e+06 6.784577993323459566e-02
2.456144363625570200e+06 9.144015066015320770e-02
2.456144364655639976e+06 7.477782183263137483e-02
2.456144365766719915e+06 1.200691760415928400e-01
2.456144366299119778e+06 1.008394506199383756e-01
2.456144366808370221e+06 1.216110260769713847e-01
2.456144367363910191e+06 1.109648206632698475e-01
2.456144367884729989e+06 7.846047681817225339e-02
2.456144368405560032e+06 1.152645371359941606e-01
2.456144368914800230e+06 1.172012579846946068e-01
2.456144369447200093e+06 1.329919113819091336e-01
2.456144369968019892e+06 8.266241103647331556e-02
2.456144370500420220e+06 6.747621794442792975e-02
2.456144371009670198e+06 9.909012477557155307e-02
2.456144371542059816e+06 1.092607382857462284e-01
2.456144372086029965e+06 7.345251366972327389e-02
2.456144372606850229e+06 1.220671530040782216e-01
2.456144373127679806e+06 1.363069318535625740e-01
2.456144373660069890e+06 8.099694459853523654e-02
2.456144374204040039e+06 1.227204365509990680e-01
2.456144374736439902e+06 2.205862906854978434e-01
2.456144375257260166e+06 8.510399380642752476e-02
2.456144375778079964e+06 1.713014886353860788e-01
2.456144376298900228e+06 1.228643341010347001e-01
2.456144376842869911e+06 1.482489133852595842e-01
2.456144377363699954e+06 9.823865176317347903e-02
2.456144377884520218e+06 9.310899298165509208e-02
2.456144378393770196e+06 9.993331595871346451e-02
2.456144378926159814e+06 6.776397653182364422e-02
2.456144379446980078e+06 8.184879643554765494e-02
2.456144379967810120e+06 1.397302720753401672e-01
2.456144380488629919e+06 1.311683416035727134e-01
2.456144381009450182e+06 9.399976239614282747e-02
2.456144381553419866e+06 7.521668428344874258e-02
2.456144382062669843e+06 1.202346999664918314e-01
2.456144382583490107e+06 1.489903921975095358e-01
2.456144383104309905e+06 9.113008689803692164e-02
2.456144383625130169e+06 9.674749420400097222e-02
2.456144384145960212e+06 1.123521789350920841e-01
2.456144384666780010e+06 9.286107006884058990e-02
2.456144385199170094e+06 1.452721940023451452e-01
2.456144385720000137e+06 1.380746915025437005e-01
2.456144386240819935e+06 8.109194403606245771e-02
2.456144386761640199e+06 1.509131440627289322e-01
2.456144387282459997e+06 1.151757846735197433e-01
2.456144387814859860e+06 1.092931308370097554e-01
2.456144388335680123e+06 1.130638773907222117e-01
2.456144388879649807e+06 1.091098500017384509e-01
2.456144389400470071e+06 1.492746237271891374e-01
2.456144389921289869e+06 1.136057815251412251e-01
2.456144390442119911e+06 7.580474706552209341e-02
2.456144390951360110e+06 8.342362636713573920e-02
2.456144391483759973e+06 1.065292301757914117e-01
2.456144392004579771e+06 1.065415843191548362e-01
2.456144392525400035e+06 7.357117948840929955e-02
2.456144393080949783e+06 6.271157585831410586e-02
2.456144393601770047e+06 1.166177348866259678e-01
2.456144394122589845e+06 1.162096143517956648e-01
2.456144394643410109e+06 9.251305089297012785e-02
2.456144395152660087e+06 1.033784842194211961e-01
2.456144395673479885e+06 9.940040744860212385e-02
2.456144396205880214e+06 1.288401829157486134e-01
2.456144396726700012e+06 9.862130333286600603e-02
2.456144397235949989e+06 1.104945564327994845e-01
2.456144397756769788e+06 9.478942618930474850e-02
2.456144398277590051e+06 7.039094721435823487e-02
2.456144398798420094e+06 1.098309585775787411e-01
2.456144399319239892e+06 1.025611564533388531e-01
2.456144399840060156e+06 1.377181222189456378e-01
2.456144400360879954e+06 1.156331354738053818e-01
2.456144400881700218e+06 1.151167192108530912e-01
2.456144401402529795e+06 1.352051390918962426e-01
2.456144401946499944e+06 1.211808400900125093e-01
2.456144402455740143e+06 1.053882716235143846e-01
2.456144402988140006e+06 1.339168206637459946e-01
2.456144403497389983e+06 1.365589009521634978e-01
2.456144404018209781e+06 1.193325927890143134e-01
2.456144404585329816e+06 1.313099102299570831e-01
2.456144405117719900e+06 1.309136657084906119e-01
2.456144405650120229e+06 1.188790603308831351e-01
2.456144406182520092e+06 9.118029350157108581e-02
2.456144406714910176e+06 8.256455697791587056e-02
2.456144407224160153e+06 1.079084959835316937e-01
2.456144407768129837e+06 6.553169520868706854e-02
2.456144408288950101e+06 9.726054242992532295e-02
2.456144408832919784e+06 1.093173153635742523e-01
2.456144409376889933e+06 8.864106710924879451e-02
2.456144409944009967e+06 1.337910414966430039e-01
2.456144410464830231e+06 9.545145781012465136e-02
2.456144410985650029e+06 8.442258536286573189e-02
2.456144411494900007e+06 1.253740533884180053e-01
2.456144412015719805e+06 1.032686624069167891e-01
2.456144412524969783e+06 9.335231556445222623e-02
2.456144413045790046e+06 6.473831778687433314e-02
2.456144413566620089e+06 1.052323233466747610e-01
2.456144414087439887e+06 8.574172297830173761e-02
2.456144414608260151e+06 8.605343859109026994e-02
2.456144415152229834e+06 8.649579335506984989e-02
2.456144415673050098e+06 8.712607392510385296e-02
2.456144416205449961e+06 6.642168906927103933e-02
2.456144416726270225e+06 9.755854029417676543e-02
2.456144417235520203e+06 1.532966904917589801e-01
2.456144417791060172e+06 7.968430723789232673e-02
2.456144418311879970e+06 1.173170123126663356e-01
2.456144418832699768e+06 1.064029239812729344e-01
2.456144419341950212e+06 1.224401315444954008e-01
2.456144419909069780e+06 1.018884562542989869e-01
2.456144420429890044e+06 9.317096421185588895e-02
2.456144420950709842e+06 1.169628411149314928e-01
2.456144421471539885e+06 1.016061223505371203e-01
2.456144421992360149e+06 1.036947069254825493e-01
2.456144422524750233e+06 7.063565842540242556e-02
2.456144423057150096e+06 6.124033893680191909e-02
2.456144423577969894e+06 7.556294540319896669e-02
2.456144424110370222e+06 9.367243076789222300e-02
2.456144424631190021e+06 6.738148518348197058e-02
2.456144425140439998e+06 8.742229759871200656e-02
2.456144425661259796e+06 1.125717120120803827e-01
2.456144426193660125e+06 1.355330099795573062e-01
2.456144426726050209e+06 1.423439170483185023e-01
2.456144427258450072e+06 1.192514872276468907e-01
2.456144427767700050e+06 1.163747963045196343e-01
2.456144428288519848e+06 9.624077542225961679e-02
2.456144428809340112e+06 6.803974237890209054e-02
2.456144429330159910e+06 1.145825621406650896e-01
2.456144429850980174e+06 9.405112192846587504e-02
2.456144430360230152e+06 8.829191740904818175e-02
2.456144430881049950e+06 8.751123857853926324e-02
2.456144431425020099e+06 8.339342674877237016e-02
2.456144431957419962e+06 8.273972854586553183e-02
2.456144432489819825e+06 9.622139420162056922e-02
2.456144433010640088e+06 7.074859005494360531e-02
2.456144433531459887e+06 5.070941680606821933e-02
2.456144434040709864e+06 3.649939406961522081e-02
2.456144434573099948e+06 1.097318976841030747e-01
2.456144435082349926e+06 1.286362077513309998e-01
2.456144435603170190e+06 6.279991086161906821e-02
2.456144436124000233e+06 8.899494309035027584e-02
2.456144436644820031e+06 7.713911798474093473e-02
2.456144437165639829e+06 9.823021048335256467e-02
2.456144437732759863e+06 1.193184326870539991e-01
2.456144438253580127e+06 7.436389841354440478e-02
2.456144438785979990e+06 5.589812928373838474e-02
2.456144439318370074e+06 5.283464997109099670e-02
2.456144439850769937e+06 1.123105730005296010e-01
2.456144440383160021e+06 9.339042474952030659e-02
2.456144440903990064e+06 9.669616994035123980e-02
2.456144441424809862e+06 3.981628261692904402e-02
2.456144441980349831e+06 7.363606206342332428e-02
2.456144442489599809e+06 1.261031412725035494e-01
2.456144443010420073e+06 1.148373550700139134e-01
2.456144443519670051e+06 1.021800038764641982e-01
2.456144444052060135e+06 6.757285445432437143e-02
2.456144444572890177e+06 1.520921408463689062e-01
2.456144445093709975e+06 7.950607658234254416e-02
2.456144445602959953e+06 5.785820291708709817e-02
2.456144446135350037e+06 7.737753464670404924e-02
2.456144446656180080e+06 6.831117671304554051e-02
2.456144447200150229e+06 1.188787842510077297e-01
2.456144447709389962e+06 7.340691848654756768e-02
2.456144448264940176e+06 2.896596780632876289e-02
2.456144448808909860e+06 8.790886641554607195e-02
2.456144449329730123e+06 9.580146399470024221e-02
2.456144449862120207e+06 5.428673540354722604e-02
2.456144450382949784e+06 9.398035939813809136e-02
2.456144450892189983e+06 8.126865940100458374e-02
2.456144451413020026e+06 7.073119983788345166e-02
2.456144451933839824e+06 1.075941675102836115e-01
2.456144452477809973e+06 7.787842569691605377e-02
2.456144452998629771e+06 1.043183368878040085e-01
2.456144453542599920e+06 1.232254562149588395e-01
2.456144454074999783e+06 8.098101287949077687e-02
2.456144454607389867e+06 3.919456275997390549e-02
2.456144455128210131e+06 7.574367755345079445e-02
2.456144455649040174e+06 1.239082054172371272e-01
2.456144456169859972e+06 1.100168254260580625e-01
2.456144456690679770e+06 8.677650042293905130e-02
2.456144457234649919e+06 4.880105728440753410e-02
2.456144457755470183e+06 7.523395814674849191e-02
2.456144458276289981e+06 1.109779448564882642e-01
2.456144458797120024e+06 9.136478919549340105e-02
2.456144459352659993e+06 9.351281840444514160e-02
2.456144459873479791e+06 9.429614983224610114e-02
2.456144460394300055e+06 1.364918281711027248e-01
2.456144460915130097e+06 8.087220270551753742e-02
2.456144461424369831e+06 1.048600902658325396e-01
2.456144461956770159e+06 7.594457605635263064e-02
2.456144462477589957e+06 1.272221985689920842e-01
2.456144462998410221e+06 1.177782450980693341e-01
2.456144463519239798e+06 4.562777075707558083e-02
2.456144464051629882e+06 8.149609112193623162e-02
2.456144464572450146e+06 6.509144784068610079e-02
2.456144465093280189e+06 1.065438936253197966e-01
2.456144465602519922e+06 9.998778351523540664e-02
2.456144466134919785e+06 1.036840635326559124e-01
2.456144466644170228e+06 7.259106622632849337e-02
2.456144467211280018e+06 9.960491047256958552e-02
2.456144467732110061e+06 6.125794557452479694e-02
2.456144468252929859e+06 8.822197031433454129e-02
2.456144468796900008e+06 7.412405674655531129e-02
2.456144469317719806e+06 6.979328177703791880e-02
2.456144469838540070e+06 8.698335549843783099e-02
2.456144470347790048e+06 4.765835032879728317e-02
2.456144473021340091e+06 6.703588698954021652e-02
2.456144473530590069e+06 2.651414043433497625e-02
2.456144474016690161e+06 1.195269552664477430e-01
2.456144474514369853e+06 6.597330353554653470e-02
2.456144475035190117e+06 8.229864480830784146e-02
2.456144475544440094e+06 9.102730390705637831e-02
2.456144476134699769e+06 9.943524068927445114e-02
2.456144476667100098e+06 6.753857362643067574e-02
2.456144477222640067e+06 9.465431887463005012e-02
2.456144477766610216e+06 1.347194198186301151e-01
2.456144478322150186e+06 1.099921349424857198e-01
2.456144478854550049e+06 7.371577918509508720e-02
2.456144479398520198e+06 7.343007856482586249e-02
2.456144479988779873e+06 7.366106924874316064e-02
2.456144480555899907e+06 1.642312423642895425e-01
2.456144481099870056e+06 7.120244694166721899e-02
2.456144481620689854e+06 1.170841133862072780e-01
2.456144482164660003e+06 1.031361515548478991e-01
2.456144482697059866e+06 4.954838766933633565e-02
2.456144483229460195e+06 8.451741366981835313e-02
2.456144483715559822e+06 9.086367698689556960e-02
2.456144484201659914e+06 8.120414137067477611e-02
2.456144484699329827e+06 8.687426260539865552e-02
2.456144485220150091e+06 1.031078624117576226e-01
2.456144485764119774e+06 1.427227407057198860e-01
2.456144486273370218e+06 1.712437834712421392e-01
2.456144486771049909e+06 7.010135284654417376e-02
2.456144487268719822e+06 1.022576114304030170e-01
2.456144487777969800e+06 7.396892162862656050e-02
2.456144488275640178e+06 1.001160405414882604e-01
2.456144488773319870e+06 1.101685680524795430e-01
2.456144489259419963e+06 5.497683567004507665e-02
2.456144489768669941e+06 9.628828664949828919e-02
2.456144490254770033e+06 6.273100924446417537e-02
2.456144490764010232e+06 1.726585732911978255e-02
2.456144491250109859e+06 5.384812962659601965e-02
2.456144491770939901e+06 4.112551898292693409e-02
2.456144492257039994e+06 1.041655048547820428e-01
2.456144492754709907e+06 1.935748715488294636e-01
2.456144493298680056e+06 5.082041318052432644e-02
2.456144493831079919e+06 1.380292178725497365e-01
2.456144519953189883e+06 5.857773481277561700e-02
2.456144520485590212e+06 6.064576557651868427e-02
2.456144520983260125e+06 5.866436987946954673e-02
2.456144521504090168e+06 7.627839948633052813e-02
2.456144522001760080e+06 1.017317325427899988e-01
2.456144522545730229e+06 9.521623763271946927e-02
2.456144523054980207e+06 1.053543600100326216e-02
2.456144523552650120e+06 4.976914713910929322e-03
2.456144524038750213e+06 7.829841008629756516e-02
2.456144524536429904e+06 8.425798658269734176e-02
2.456144525034099817e+06 9.974463601441030391e-02
2.456144525566500146e+06 3.602521408858727625e-02
2.456144526087319944e+06 2.379037066782530019e-02
2.456144526608140208e+06 -2.747141902311867057e-02
2.456144527105819900e+06 -1.256967909304229636e-02
2.456144527615069877e+06 5.754568079221833443e-02
2.456144528124310076e+06 5.323951617759448141e-02
2.456144528633560054e+06 5.280561009533712991e-02
2.456144529131240211e+06 6.262987200469538607e-02
2.456144529640479945e+06 6.123045527309400882e-02
2.456144530138160102e+06 2.138345807103192442e-02
2.456144530647410080e+06 3.434107678172182432e-02
2.456144531145079993e+06 7.199340719446922776e-02
2.456144531665899791e+06 7.353042895310935023e-02
2.456144532186720055e+06 7.047744923398191474e-02
2.456144532684400212e+06 4.850214665737695441e-02
2.456144533182070125e+06 -2.997751202287624039e-02
2.456144533691320103e+06 6.558824849651045952e-02
2.456144534188999794e+06 7.493003510736784278e-02
2.456144534686670173e+06 9.222982239854360387e-02
2.456144535184340086e+06 1.545518587347238793e-02
2.456144539200460073e+06 1.580894635218221822e-02
2.456144539698140230e+06 -7.275056747429609061e-02
2.456144540195810143e+06 7.437091886277436004e-02
2.456144540705060121e+06 4.879518492911394389e-02
2.456144541202730034e+06 1.102880396893795023e-01
2.456144541711980011e+06 6.033267927405638886e-02
2.456144542209660169e+06 6.026162176618399258e-02
2.456144542695759796e+06 2.437408545107722091e-02
2.456144543216580059e+06 -2.074150190277457284e-02
2.456144543714249972e+06 1.105291601575899563e-01
2.456144544223499950e+06 4.097737268056889093e-02
2.456144544732749928e+06 -1.997186445071541527e-02
2.456144545230419841e+06 2.886664318464760015e-02
2.456144545728099998e+06 3.146201223366595912e-02
2.456144546225769911e+06 1.971815436505863772e-02
2.456144546711870003e+06 5.917419052381767131e-02
2.456144547232689802e+06 1.369560586180540440e-02
2.456144547718789894e+06 7.110019340204232208e-02
2.456144548239619937e+06 3.204379250058941864e-02
2.456144548760440201e+06 6.359769740106635538e-02
2.456144549281259999e+06 1.060697701869148801e-01
2.456144549778929912e+06 3.975270695089783146e-02
2.456144550265039783e+06 5.579758430850745299e-02
2.456144550762710162e+06 2.500508363066700213e-02
2.456144551260380074e+06 -4.549413118528633504e-03
2.456144551758060232e+06 8.575243418799516348e-02
2.456144552255730145e+06 8.606121167106017822e-02
2.456144552753409836e+06 5.518145631961957065e-02
2.456144553274230100e+06 1.471172902560091700e-02
2.456144553771900013e+06 5.827962513664530775e-02
2.456144554292730056e+06 3.827073587946294708e-02
2.456144554836700205e+06 -3.873228493909230963e-02
2.456144555345939938e+06 4.400422046448682067e-02
2.456144555855189916e+06 3.357367481221196215e-02
2.456144556364439894e+06 5.034577486341085262e-02
2.456144556850539986e+06 9.676330553844003646e-02
2.456144557359789964e+06 2.417379245395778753e-02
2.456144557869039942e+06 9.817555365967756131e-02
2.456144558378280140e+06 5.929892015401527772e-02
2.456144558864379767e+06 7.218313638679241251e-02
2.456144559362059925e+06 4.856653826225354464e-02
2.456144559859729838e+06 6.781139606356845206e-02
2.456144560357409995e+06 6.915164710120613734e-02
2.456144560855079908e+06 8.454768350435237778e-02
2.456144561352760065e+06 6.566749782241210198e-02
2.456144561850429978e+06 7.232685794069126928e-02
2.456144562348110136e+06 2.280404763541277191e-02
2.456144562857349869e+06 2.719277198317016087e-02
2.456144563366599847e+06 8.532923039224904471e-02
2.456144563864280004e+06 6.280831165257438897e-02
2.456144564361949917e+06 7.390227849585606634e-02
2.456144564882770181e+06 7.208660527466115298e-02
2.456144565380449872e+06 1.047838347218537081e-01
2.456144565878119785e+06 8.401509218922065259e-02
2.456144566375799943e+06 5.276854451165213788e-02
2.456144566873469856e+06 6.241655579134075538e-02
2.456144567359569948e+06 8.979428252306753677e-02
2.456144567845670041e+06 6.210007136368922431e-02
2.456144568343350198e+06 1.126637907123075877e-01
2.456144568852589931e+06 1.438282454657286991e-01
2.456144569373419974e+06 4.957765215470644193e-02
2.456144569859520067e+06 4.209490788548642115e-02
2.456144570357189979e+06 4.523193082387422237e-02
2.456144570854870137e+06 5.634604581762658881e-02
2.456144571850209963e+06 9.097515430759983701e-02
2.456144572347890120e+06 8.400322915591296180e-02
2.456144572845560033e+06 6.465745469031247694e-02
2.456144573343240190e+06 8.678989288871719054e-02
2.456144573829339817e+06 3.145391345219117341e-02
2.456144578111649957e+06 3.634124911171809913e-02
2.456144578667189926e+06 1.216287918692664505e-01
2.456144579222740140e+06 4.264624284448892411e-02
2.456144579755130224e+06 8.529105854074536808e-02
2.456144580310679972e+06 6.725684790594677054e-02
2.456144580854650121e+06 8.489967830842459762e-02
2.456144581398619805e+06 5.562813496277740910e-02
2.456144581942589954e+06 8.371632743279100453e-02
2.456144582521279808e+06 5.631899932612505211e-02
2.456144583065249957e+06 1.070126349114524089e-01
2.456144584176329896e+06 8.914539228968365592e-02
2.456144584708730225e+06 7.554327663724436093e-02
2.456144585264270194e+06 9.919981902699959164e-02
2.456144585831390228e+06 3.175881566551730373e-02
2.456144586363790091e+06 4.563181680543415553e-02
2.456144586919330060e+06 1.117635811471604512e-01
2.456144587463300209e+06 3.363109506253891823e-02
2.456144588030419778e+06 5.347682400840625405e-02
2.456144588574389927e+06 4.770522736795612673e-02
2.456144589118360076e+06 8.629417636990410756e-02
2.456144589662330225e+06 5.915816107213345276e-02
2.456144590206290130e+06 9.255655413676677767e-02
2.456144590750259813e+06 6.087558970536832703e-02
2.456144591294229962e+06 1.495439027402696297e-01
2.456144591838200111e+06 6.460360030410150500e-02
2.456144592393749859e+06 7.707142972491176636e-02
2.456144592949289829e+06 1.065673903988830773e-01
2.456144593493259978e+06 8.411280085866934542e-02
2.456144594037230127e+06 6.245227254843044307e-02
2.456144594627489801e+06 1.062682980837248437e-01
2.456144595159890130e+06 6.703705128264125790e-02
2.456144595703859814e+06 6.446509867828709162e-02
2.456144596247829963e+06 5.914038513211572479e-02
2.456144596814949997e+06 5.963394610138195162e-02
2.456144597382059786e+06 6.720612218479082856e-02
2.456144597926029935e+06 1.018749371869613896e-01
2.456144598481580149e+06 1.250890126745964892e-01
2.456144599025549833e+06 1.380259566469010934e-01
2.456144599569519982e+06 7.423738087529230256e-02
2.456144600125059951e+06 9.220414159780254693e-02
2.456144600692179985e+06 1.177821582442906134e-01
2.456144601247719955e+06 1.159798818364858874e-01
2.456144601803259924e+06 1.080957085822422670e-01
2.456144602370379958e+06 1.046637230645579564e-01
2.456144602937499993e+06 6.223714505773614292e-02
2.456144603481470142e+06 1.402355352978919001e-01
2.456144604048590176e+06 8.936273038019848514e-02
2.456144604580979794e+06 1.008783240095088019e-01
2.456144605124949943e+06 7.057042020121073733e-02
2.456144605692069978e+06 6.367313792737405720e-02
2.456144606236040127e+06 5.592568226148486588e-02
2.456144606780009810e+06 7.979609637661155830e-02
2.456144607323979959e+06 8.349226678616261665e-02
2.456144607867950108e+06 1.187566112326710055e-01
2.456144608423490077e+06 6.160302942076079091e-02
2.456144608979030047e+06 1.133716404645426223e-01
2.456145378881020006e+06 7.323244433015929644e-02
2.456145379413419869e+06 1.072791852165053683e-01
2.456145379968959838e+06 8.592394967657668303e-02
2.456145380512929987e+06 9.915195113793728865e-02
2.456145381045320071e+06 8.480409154070400746e-02
2.456145382549920119e+06 6.135284326298595658e-02
2.456145383707299829e+06 8.729148077864756772e-02
2.456145384216549806e+06 9.028773145096380404e-02
2.456145384702649899e+06 1.457613992558464133e-01
2.456145385200319812e+06 9.395367398021114980e-02
2.456145385686419904e+06 1.043534103018490811e-01
2.456145386172519997e+06 1.415645205698634612e-01
2.456145386670200154e+06 6.096293010164899329e-02
2.456145387734990101e+06 1.516431934256772252e-01
2.456145388278959785e+06 5.091592619326235081e-02
2.456145388811349869e+06 1.068735424474311912e-01
2.456145389343750197e+06 7.856950403686546736e-02
2.456145389876150060e+06 9.906852156942491661e-02
2.456145390431690030e+06 6.113930292319480486e-02
2.456145390975660179e+06 -1.027932492853089741e-02
2.456145391519629862e+06 9.827064665135765154e-02
2.456145392086740118e+06 1.042571788841044622e-01
2.456145392642289866e+06 7.207924937135601340e-02
2.456145393197829835e+06 4.064233834496455700e-02
2.456145393741799984e+06 6.081230611536625474e-02
2.456145394274199847e+06 6.050952645788143514e-02
2.456145394795020111e+06 6.080142583584091653e-02
2.456145395338989794e+06 9.332208432629229833e-02
2.456145395882959943e+06 5.393194215164953675e-02
2.456145396426919848e+06 8.964067826126687066e-02
2.456145396970889997e+06 1.258960684974610444e-01
2.456145397503289860e+06 5.379154115730777619e-02
2.456145398058829829e+06 5.521177418285461158e-02
2.456145398602799978e+06 1.600330988552194356e-01
2.456145399146770127e+06 7.123082698335281293e-02
2.456145399679169990e+06 6.572400170802517039e-02
2.456145400223140139e+06 7.958958646727509745e-02
2.456145400755530223e+06 8.195927214596210320e-02
2.456145401299499907e+06 1.138476308296088035e-01
2.456145401831899770e+06 8.115774898266714388e-02
2.456145402410590090e+06 8.955070787278174294e-02
2.456145402942980174e+06 1.174077706546547972e-01
2.456145403486949857e+06 7.416333283207698912e-02
2.456145404042500071e+06 8.699239692852245298e-02
2.456145404598040041e+06 1.240808237524042568e-01
2.456145405142010190e+06 7.800703466768155181e-02
2.456145405674399808e+06 8.644824211453894236e-02
2.456145406206800137e+06 8.303566889950531049e-02
2.456145406762340106e+06 1.574008516321008244e-01
2.456145407306309789e+06 8.492721659779611798e-02
2.456145407885000110e+06 7.936990101868524050e-02
2.456145408417399973e+06 2.396836580944139428e-02
2.456145408949790057e+06 6.123117370995245778e-02
2.456145409516910091e+06 8.031071338497852707e-02
2.456145410060879774e+06 1.031694209931579564e-01
2.456145410604849923e+06 1.127466217768144929e-01
2.456145411137240008e+06 1.254927827971243914e-01
2.456145411692790221e+06 4.712928953175676838e-02
2.456145412225179840e+06 8.372004111725850350e-02
2.456145412757580169e+06 7.198587534599099058e-02
2.456145413301549852e+06 1.262816409147120567e-01
2.456145413857089821e+06 -1.895077440076775588e-03
2.456145414389490150e+06 3.760426509726322308e-02
2.456145414968180005e+06 4.377592099253746483e-02
2.456145415512150154e+06 1.029484200930852467e-01
2.456145416056119837e+06 3.152067183521367610e-02
2.456145416588509921e+06 7.129804781304294181e-02
2.456145417120909784e+06 1.120574605455253447e-01
2.456145417699600104e+06 6.079444803552291887e-02
2.456145418243569788e+06 3.571112969824419281e-02
2.456145418787539937e+06 4.715268534030414571e-02
2.456145419343079906e+06 4.369294430586379008e-02
2.456145419875469990e+06 5.883107663331443860e-02
2.456145420419440139e+06 1.314459643430812008e-01
2.456145420951840002e+06 1.104977040815704470e-01
2.456145421507379971e+06 1.112090495533113454e-01
2.456145422062930185e+06 9.883895050337265786e-02
2.456145422606890090e+06 8.422570292802333825e-02
2.456145423127720132e+06 5.036188679200748197e-02
2.456145423694829922e+06 8.894929678364960068e-02
2.456145424238800071e+06 9.020466329922349757e-02
2.456145424805920105e+06 6.537229307624414787e-02
2.456145425361460075e+06 1.045656117539230934e-01
2.456145425905430224e+06 7.622045049425274499e-02
2.456145426460979972e+06 1.063131830487868967e-01
2.456145426981799770e+06 6.194928203334804095e-02
2.456145427525769919e+06 6.571602620872596390e-02
2.456145428092880175e+06 8.245398855061303323e-02
2.456145428636849858e+06 1.169493242449650694e-01
2.456145429169250187e+06 6.702634546088681589e-02
2.456145429713219870e+06 6.317974268530690551e-02
2.456145430245609954e+06 6.968942480051865118e-02
2.456145430778009817e+06 4.344979268657489513e-02
2.456145431345129851e+06 7.281070751772844574e-02
2.456145431889090221e+06 8.027279089191097228e-02
2.456145432421490084e+06 1.518088063215312644e-01
2.456145432953889947e+06 6.760674622955420432e-02
2.456145433509429917e+06 9.801536112096975728e-02
2.456145434041820001e+06 4.451867222592298390e-02
2.456145434585790150e+06 4.740461093347114740e-02
2.456145435129759833e+06 7.698948400457084063e-02
2.456145435662160162e+06 6.545445923062942484e-02
2.456145436194549780e+06 4.576077433987180143e-02
2.456145436738519929e+06 1.092216791169153822e-01
2.456145437259340193e+06 1.211717755985919354e-01
2.456145437803309876e+06 9.576861910756484519e-02
2.456145438335710205e+06 1.317829337592417716e-01
2.456145438868099824e+06 9.003542103405060004e-02
2.456145439400500152e+06 1.206270219365599417e-01
2.456145439944469836e+06 7.743752006235737895e-02
2.456145440488439985e+06 7.200236474083077098e-02
2.456145441043979954e+06 7.316717122015070629e-02
2.456145441587950103e+06 7.483869355696270986e-02
2.456145442131919786e+06 1.227634685356342459e-01
2.456145442652740050e+06 6.863644610506192123e-02
2.456145443208289798e+06 3.295329795667001349e-02
2.456145443740679882e+06 5.532047286353147797e-02
2.456145444296219852e+06 8.051961473105784250e-02
2.456145444863339886e+06 7.691619734187149504e-02
2.456145445395740215e+06 1.204534545110576005e-01
2.456145445951280184e+06 1.275616760244986381e-01
2.456145446483680047e+06 8.258435871987579446e-02
2.456145447016070131e+06 9.104076483092526928e-02
2.456145448115579784e+06 8.720478333912851099e-02
2.456145448671129998e+06 1.104346571124352749e-01
2.456145449203520082e+06 1.278412762225666910e-01
2.456145449735919945e+06 1.001737005577165718e-01
2.456145450291459914e+06 4.960225372619220252e-02
2.456145450846999884e+06 1.146836073782662169e-01
2.456145451379400212e+06 1.198816788590821858e-01
2.456145451946519781e+06 1.219711158572405196e-01
2.456145452490489930e+06 4.455899037579413857e-02
2.456145453022880014e+06 5.506428430627785531e-02
2.456145453566850163e+06 1.051277802945698170e-01
2.456145454099250026e+06 4.234810076339812213e-02
2.456145454631640110e+06 3.722072111446017573e-02
2.456145455187180080e+06 9.711624796036844032e-02
2.456145455742729828e+06 1.173990408444058886e-01
2.456145456263550092e+06 1.090817882655574778e-01
2.456145456830670126e+06 9.127629119431901472e-02
2.456145457363060210e+06 8.238911984059882343e-02
2.456145457907029893e+06 9.870138075416790002e-02
2.456145458497299813e+06 1.651153516989136705e-01
2.456145459029689897e+06 1.235383822793956199e-01
2.456145459562090226e+06 1.009551204884093778e-01
2.456145460106059909e+06 5.408364291879763641e-02
2.456145460638449993e+06 6.475051884033256044e-02
2.456145461170849856e+06 1.001176215444647966e-01
2.456145461703239940e+06 7.926810118668647931e-02
2.456145462258790154e+06 7.134257673624588847e-02
2.456145462802750058e+06 9.993457425828111695e-02
2.456145463346720207e+06 4.578758969641860688e-02
2.456145463879120070e+06 1.203650472424477869e-01
2.456145464423090219e+06 5.596428536507147555e-02
2.456145464967059903e+06 1.748900788826013297e-02
2.456145465499449987e+06 7.699769542313816828e-02
2.456145466031849850e+06 7.855695879984381236e-02
2.456145466587389819e+06 6.838678738246173339e-02
2.456145467119790148e+06 7.442201675108606196e-02
2.456145467663759831e+06 3.346631164658475655e-02
2.456145468196149915e+06 3.854833396913903698e-02
2.456145468751700129e+06 9.584356418040940184e-02
2.456145469295660034e+06 7.407260967473128233e-02
2.456145469839630183e+06 6.476348366600070960e-02
2.456145470372030046e+06 3.847582385418490958e-02
2.456145470939150080e+06 1.039689517428712406e-01
2.456145471483120229e+06 4.794986910179943607e-02
2.456145472038660198e+06 5.504335283240457954e-02
2.456145472571049817e+06 9.378703260570375733e-02
2.456145473126600031e+06 4.050583070953628351e-02
2.456145474214539863e+06 7.182836376568779713e-02
2.456145474746929947e+06 7.754117620741318717e-02
2.456145475279329810e+06 8.006972509034149255e-02
2.456145475823299959e+06 7.653035982505684842e-02
2.456145476367270108e+06 7.719635513485556544e-02
2.456145476922810078e+06 1.681598709690348414e-01
2.456145477478350047e+06 9.482914313982071519e-02
2.456145478010749910e+06 7.747846733952812315e-02
2.456145478543139994e+06 1.144980477431598587e-01
2.456145479110260028e+06 6.724060039693569024e-02
2.456145479642650113e+06 1.187270678636913601e-01
2.456145480175049976e+06 1.034574031705517427e-01
2.456145480719020125e+06 9.972131712645015966e-02
2.456145513391899876e+06 8.925852044827209397e-02
2.456145513959019911e+06 7.101134608559434014e-02
2.456145514514559880e+06 1.114100837908562625e-01
2.456145515081670135e+06 9.998886127196371376e-02
2.456145515637219884e+06 1.258232380449140209e-01
2.456145516181190033e+06 1.508775547113518911e-01
2.456145516713580117e+06 9.970580096222469990e-02
2.456145517245979980e+06 1.479626046842170695e-01
2.456145517789950129e+06 7.881054325607550481e-02
2.456145518333919812e+06 1.191686492810877240e-01
2.456145518901030067e+06 7.256324615522302679e-02
2.456145519445000216e+06 1.074609184036638965e-01
2.456145519988969900e+06 1.386514907435607569e-01
2.456145520532940049e+06 1.096008239065398016e-01
2.456145521065339912e+06 1.060874671263416502e-01
2.456145521609310061e+06 1.330119719159146285e-01
2.456145522164850030e+06 7.699224095798129497e-02
2.456145522708820179e+06 1.126853153740974278e-01
2.456145523241209798e+06 7.977095709796344636e-02
2.456145523773610126e+06 7.397429713613945523e-02
2.456145524329150096e+06 1.178076321785006542e-01
2.456145524873119779e+06 1.312496549267283541e-01
2.456145525463390164e+06 1.282059289605825825e-01
2.456145525995779783e+06 8.608716982747210977e-02
2.456145526562899817e+06 1.411127216053458255e-01
2.456145527130019851e+06 1.216706773704618882e-01
2.456145527673990000e+06 8.892071144111035608e-02
2.456145528206380084e+06 7.023659891769717944e-02
2.456145528761920054e+06 9.809689350370476291e-02
2.456145529305890203e+06 1.115407019447527404e-01
2.456145529849859886e+06 1.514780568833415941e-01
2.456145530393830035e+06 9.792235511862834585e-02
2.456145530926229898e+06 9.435571994590219447e-02
2.456145531458619982e+06 1.111175118860767697e-01
2.456145532002590131e+06 1.552822972144110025e-01
2.456145532534989994e+06 8.676347608181345095e-02
2.456145533078960143e+06 1.095001405207334244e-01
2.456145533622929826e+06 1.283120966764315085e-01
2.456145534178469796e+06 1.107571568692353736e-01
2.456145534757160116e+06 1.112178012501150448e-01
2.456145535312700085e+06 1.312318564784664687e-01
2.456145535868249834e+06 1.639525780236148478e-01
2.456145536446940154e+06 1.303460628445858305e-01
2.456145536979329772e+06 1.717568774451976310e-01
2.456145537523299921e+06 1.475515031278931133e-01
2.456145538055699784e+06 1.628439721904015869e-01
2.456145538588089868e+06 1.176221730270512467e-01
2.456145539143629838e+06 1.398683063577248475e-01
2.456145539676030166e+06 1.356503022798491997e-01
2.456145540208430029e+06 1.479703138370513926e-01
2.456145540752400178e+06 1.408722351294091624e-01
2.456145541284789797e+06 5.408733160671630458e-02
2.456145541828759946e+06 1.090792747014912578e-01
2.456145542372730095e+06 1.805188903860308614e-01
2.456145542905120179e+06 1.254014337286939451e-01
2.456145543483819813e+06 1.094579368684041043e-01
2.456145544039359782e+06 1.155011577907689713e-01
2.456145544594900217e+06 9.900213953080161389e-02
2.456145545127300080e+06 1.304484235048963825e-01
2.456145545682840049e+06 6.207353089853384631e-02
2.456145546238380019e+06 1.110138047754887225e-01
2.456145546770779882e+06 1.113554929591646925e-01
2.456145547326319851e+06 1.045601518158250087e-01
2.456145547858720180e+06 7.177125410402496186e-02
2.456145548402689863e+06 1.027509899127281301e-01
2.456145548946660012e+06 1.661429924916504319e-01
2.456145549490630161e+06 9.207955867089090418e-02
2.456145550046170130e+06 1.298898538701003247e-01
2.456145550578560214e+06 9.963853774830866428e-02
2.456145551122529898e+06 1.579539691274423063e-01
2.456145551678080112e+06 1.510260953736501932e-01
2.456145552279910073e+06 9.317840440390412482e-02
2.456145552823880222e+06 9.476409444447497776e-02
2.456145553356280085e+06 1.131494547290508024e-01
2.456145553888670169e+06 1.401033132992903774e-01
2.456145554432639852e+06 1.559131504899120557e-01
2.456145554976610001e+06 1.070754974531205050e-01
2.456145555520580150e+06 1.577143828432134853e-01
2.456145556087700184e+06 1.313126683741145939e-01
2.456145556654820219e+06 1.439941048538386781e-01
2.456145557198789902e+06 1.707043521365161354e-01
2.456145557731179986e+06 1.633771640321004526e-01
2.456145558263579849e+06 1.234538047672941730e-01
2.456145558795969933e+06 1.175479518971123127e-01
2.456145559328369796e+06 9.246280230937031774e-02
2.456145559860759880e+06 1.499464798641962915e-01
2.456145560404730029e+06 1.461661409210606166e-01
2.456145560937129892e+06 1.481998256817984583e-01
2.456145561469519977e+06 1.625224869364245706e-01
2.456145562025070190e+06 1.382729177850414715e-01
2.456145562557459809e+06 1.735531703364987521e-01
2.456145563101429958e+06 1.392958000888455672e-01
2.456145563656969927e+06 1.349119584410107819e-01
2.456145564177790191e+06 1.021767827326236500e-01
2.456145564721759874e+06 1.231058314480275584e-01
2.456145565265730023e+06 1.461086848624884027e-01
2.456145565809700172e+06 6.533647844428891460e-02
2.456145566330519971e+06 1.405874484474338715e-01
2.456145566862919834e+06 1.113950102380698581e-01
2.456145567395320162e+06 1.349576293758740775e-01
2.456145567939280067e+06 1.186148253597387736e-01
2.456145568460110109e+06 9.461846696092202080e-02
2.456145568992500193e+06 1.740439277706027354e-01
2.456145569524900056e+06 6.968724913409474198e-02
2.456145570057290141e+06 6.992202119698731622e-02
2.456145570601259824e+06 1.447370425214824508e-01
2.456145571133660153e+06 9.393216449943331270e-02
2.456145571689200122e+06 1.304084360457657965e-01
2.456145572233169805e+06 1.389940285116821883e-01
2.456145572777139954e+06 1.204821964892772712e-01
2.456145573309530038e+06 7.225778221545375857e-02
2.456145573865079787e+06 1.161867096386206555e-01
2.456145574385900050e+06 1.741768572896980061e-01
2.456145574929870199e+06 1.527642863953300179e-01
2.456145575473839883e+06 1.294046781113458167e-01
2.456145576017810032e+06 1.499555633592102311e-01
2.456145576561780181e+06 4.936367640105920884e-02
2.456145577094169799e+06 1.106202023107627497e-01
2.456145577626570128e+06 1.298787897217952292e-01
2.456145578158960212e+06 1.001760152294206563e-01
2.456145578702929895e+06 1.551036648874930535e-01
2.456145579235330224e+06 8.495110771623792800e-02
2.456145579779299907e+06 7.176270708583309954e-02
2.456145580323270056e+06 6.378201055247956219e-02
2.456145580855660141e+06 5.395421819208578995e-02
2.456145581376479939e+06 1.295542986999986823e-01
2.456145581932030153e+06 8.435933063288558742e-02
2.456145582487570122e+06 9.839086348882197797e-02
2.456145583043110091e+06 1.533738410320175660e-01
2.456145583587079775e+06 1.758485533741289686e-01
2.456145584131049924e+06 8.155642413672126168e-02
2.456145584663449787e+06 1.136254212937402031e-01
2.456145585207410157e+06 4.919396484606330944e-02
2.456145585739810020e+06 1.084322527027161698e-01
2.456145586283780169e+06 1.157749146912028237e-01
2.456145586816180032e+06 8.704452165213538706e-02
2.456145587348570116e+06 4.619325046925482070e-02
2.456145587892539799e+06 3.562893798005184465e-02
2.456145588424940128e+06 1.752489512568864427e-01
2.456145588968900032e+06 1.216379841300110343e-01
2.456145589512870181e+06 1.047474288315317636e-01
2.456145590056839865e+06 8.068033533788998568e-02
2.456145590612390079e+06 1.703855453896245820e-01
2.456145591144780163e+06 4.873933540925001751e-02
2.456145591688749846e+06 9.451660781404491729e-02
2.456146345502620097e+06 8.957159596577746186e-02
2.456146346058169845e+06 3.993918061193646452e-02
2.456146346590559930e+06 7.318671674833154839e-02
2.456146347146099899e+06 8.111739814453677866e-02
2.456146347678500228e+06 9.363554454335343280e-02
2.456146348234040197e+06 7.410999837696508052e-02
2.456146348766440060e+06 8.692589578682330398e-02
2.456146349298830144e+06 7.026248090110343014e-02
2.456146349842799827e+06 6.198818004209982746e-02
2.456146350375200156e+06 1.118118430751753323e-01
2.456146350919160061e+06 7.623944698095641570e-02
2.456146351474709809e+06 7.812620774977929727e-02
2.456146352018679958e+06 8.328065224984726456e-02
2.456146352562639862e+06 6.403517482039866593e-02
2.456146353095040191e+06 6.443095222742556416e-02
2.456146353627440054e+06 8.593630686093689519e-02
2.456146354171399958e+06 9.027639595275438467e-02
2.456146354703799821e+06 8.372912550199984594e-02
2.456146355247769970e+06 9.573731180147149189e-02
2.456146355803309940e+06 8.974104455355735865e-02
2.456146356335709803e+06 8.564582736761927606e-02
2.456146356868099887e+06 8.836820312709292580e-02
2.456146357435219921e+06 1.107056410868576535e-01
2.456146358013909776e+06 1.368991403857187095e-01
2.456146358581029810e+06 9.486741729487313535e-02
2.456146359113419894e+06 1.092426896372700185e-01
2.456146359645820223e+06 3.710625684017188064e-02
2.456146360178209841e+06 1.013810238830679111e-01
2.456146360722179990e+06 8.515344293093107808e-02
2.456146361277719960e+06 8.742194671989444998e-02
2.456146361833270174e+06 7.406087467162159044e-02
2.456146362388810143e+06 1.030640637522495240e-01
2.456146362921200227e+06 5.729769378939586488e-02
2.456146363465169910e+06 9.077235545797890381e-02
2.456146363997569773e+06 3.801742715535105788e-02
2.456146364529959857e+06 1.001351098709122311e-01
2.456146365062360186e+06 5.671514144670197766e-02
2.456146365594749805e+06 7.345582250609439257e-02
2.456146366150300018e+06 4.955564753394092747e-02
2.456146366694259923e+06 9.949775760290791027e-02
2.456146367226659786e+06 1.156655315003582984e-01
2.456146367805350106e+06 1.261867141313466334e-01
2.456146368384039961e+06 8.587305925787092065e-02
2.456146368962729815e+06 1.789797558833328139e-02
2.456146369529849850e+06 1.515911803639333755e-01
2.456146370108540170e+06 6.376383823448783517e-02
2.456146370664080139e+06 1.047472409525518344e-01
2.456146371219620109e+06 5.396225659184494816e-02
2.456146371833039913e+06 9.775038169235017449e-02
2.456146372411729768e+06 1.062214412815816189e-01
2.456146373013560195e+06 4.214138654634069781e-02
2.456146373615399934e+06 8.613122686648111426e-02
2.456146374170939904e+06 8.072024738398653199e-02
2.456146374738059938e+06 6.645849773221534917e-02
2.456146375305179972e+06 7.621849805761016228e-02
2.456146375837570056e+06 1.431318357527544549e-02
2.456146376369969919e+06 9.963399665089589519e-02
2.456146376913940068e+06 7.313455610065844326e-02
2.456146377481049858e+06 6.199721462948204476e-02
2.456146378036600072e+06 6.702173224667440365e-02
2.456146378557419870e+06 7.168887746900054481e-02
2.456146379101390019e+06 7.579683851659169136e-02
2.456146379668499809e+06 1.232295621847452338e-01
2.456146380212469958e+06 6.221878829825300272e-02
2.456146380744869821e+06 1.502158766374730448e-01
2.456146381300409790e+06 6.328958392507111341e-02
2.456146381844379939e+06 1.283767543307448022e-01
2.456146382376770023e+06 1.153641557371720694e-01
2.456146382920740172e+06 6.588895215685752760e-02
2.456146383453140035e+06 9.325077426478145526e-02
2.456146384031829890e+06 6.850594974097923284e-02
2.456146384575800039e+06 1.066527308449902733e-01
2.456146385119770188e+06 7.577116559496843706e-02
2.456146385675310157e+06 6.795828708607487556e-02
2.456146386254000012e+06 5.802959156165776733e-02
2.456146386809539981e+06 7.411174161914146907e-02
2.456146387353510130e+06 1.015826400363160076e-01
2.456146387897479814e+06 1.021444564516613696e-01
2.456146388429880142e+06 6.649320949600578956e-02
2.456146388962270226e+06 8.384559001608238304e-02
2.456146389506239910e+06 1.017213663376228538e-01
2.456146390038629994e+06 7.635704102876417210e-02
2.456146390605750028e+06 9.768971818051142009e-02
2.456146391149720177e+06 1.567195013708992946e-01
2.456146391682109796e+06 8.630065059521108140e-02
2.456146392226079945e+06 1.312092215517921545e-01
2.456146392758479808e+06 1.013981234668186460e-01
2.456146393290869892e+06 7.315873688943952402e-02
2.456146393834840041e+06 1.108770204954936389e-01
2.456146394390389789e+06 6.010979582458553239e-02
2.456146394922779873e+06 8.401705492338784609e-02
2.456146395489899907e+06 4.057119161183386780e-02
2.456146396045439877e+06 9.977246080541846140e-02
2.456146396577840205e+06 8.382287867896032196e-02
2.456146397110229824e+06 6.495139656493620350e-02
2.456146397642630152e+06 3.905389795528790842e-02
2.456146398221320007e+06 1.141568564197914526e-01
2.456146398788429797e+06 8.068991183705342962e-02
2.456146399332399946e+06 1.300850242502455956e-01
2.456146399876370095e+06 6.725245381950628598e-02
2.456146400408769958e+06 5.315255259474760408e-02
2.456146400941160042e+06 9.690038883249663115e-02
2.456146401485130191e+06 9.392419788634143174e-02
2.456146402017519809e+06 9.123361670120111455e-02
2.456146402573070023e+06 4.487417779020574926e-02
2.456146403105460107e+06 8.981131649318108146e-02
2.456146403661009856e+06 7.098522479351387915e-02
2.456146404216549825e+06 1.074507723711466411e-01
2.456146404748939909e+06 1.454970336545287068e-01
2.456146405292910058e+06 9.963806232996219592e-02
2.456146405825309921e+06 2.188181969551195039e-02
2.456146406369280070e+06 1.121816490733955618e-01
2.456146406901670154e+06 1.380599287251644824e-01
2.456146407434070017e+06 3.367015427876474121e-02
2.456146407989609987e+06 8.113533721920340724e-02
2.456146408545149956e+06 1.470605753829978823e-01
2.456146409077549819e+06 9.776802040152610118e-02
2.456146409609939903e+06 1.078075410253216404e-01
2.456146410142340232e+06 1.046675012130897642e-01
2.456146410674729850e+06 8.497977521311383953e-02
2.456146411218699999e+06 8.977806882096395213e-02
2.456146411762670148e+06 3.580808831806692183e-02
2.456146412318210118e+06 3.970422317811106439e-02
2.456146412873759866e+06 7.906274737989171797e-02
2.456146413406149950e+06 5.245301557443582396e-02
2.456146413950120099e+06 3.150530629263670335e-02
2.456146414505660068e+06 1.016016983238294813e-01
2.456146415038059931e+06 9.406243862745888862e-02
2.456146415605170187e+06 9.396773294669813481e-02
2.456146416137570050e+06 1.063342741516688505e-01
2.456146416669960134e+06 7.028953653644620658e-02
2.456146417202359997e+06 7.804677170458518276e-02
2.456146417734750081e+06 1.153025562385625591e-01
2.456146418267149944e+06 7.543027739448682212e-02
2.456146418799549807e+06 1.079669320752891792e-01
2.456146419343510177e+06 1.011705756739083029e-01
2.456146419875910040e+06 6.277242358529022681e-02
2.456146420466170181e+06 1.985138099671495127e-01
2.456146420987000223e+06 1.155412237588979707e-01
2.456146421530960128e+06 5.765946991605375160e-02
2.456146422063359991e+06 9.233726357975058363e-02
2.456146422595750075e+06 1.068389244582537145e-01
2.456146423128149938e+06 7.137666814342580324e-02
2.456146423672120087e+06 5.210100482773327712e-02
2.456146424204510171e+06 7.972032411066010127e-02
2.456146424760059919e+06 1.012440848478632915e-01
2.456146425304030068e+06 5.013465155610496993e-02
2.456146425836420152e+06 9.910935456276526168e-02
2.456146426391960122e+06 1.134434547886833400e-01
2.456146426924359985e+06 8.397102062152228541e-02
2.456146427468330134e+06 7.919517441330370389e-02
2.456146428012299817e+06 6.019567428222138972e-02
2.456146428544689901e+06 7.541720932265327804e-02
2.456146429111809935e+06 1.013602368601489445e-01
2.456146429644200020e+06 7.769897994064933755e-02
2.456146430234469939e+06 1.277587387030489907e-01
2.456146430778440088e+06 6.511661133973056792e-02
2.456146431333980057e+06 1.266639781520613184e-01
2.456146431877950206e+06 5.015157476193010666e-02
2.456146432410339825e+06 1.622776534532590631e-01
2.456146432954309974e+06 1.202262491287573454e-01
2.456146433486709837e+06 3.863051056723421084e-02
2.456146434042249806e+06 1.037563966329777543e-01
2.456146434586219955e+06 1.087249258980822475e-01
2.456146435130190104e+06 6.638152846534772777e-02
2.456146435662580188e+06 6.379992218506735924e-02
2.456146436218129937e+06 1.290859124785921352e-01
2.456146436762089841e+06 6.651602872984341275e-02
2.456146437294490170e+06 9.351884884171113299e-02
2.456146437838459853e+06 7.500161802178695325e-02
2.456146438370849937e+06 8.989128263408829866e-02
2.456146438903249800e+06 9.773266479290754205e-02
2.456146439470369834e+06 8.151884214744775647e-02
2.456146440014330205e+06 9.232937076006209054e-02
2.456146440546730068e+06 8.989030206759984765e-02
2.456146441102270037e+06 5.018019618622204803e-02
2.456146441634669900e+06 8.074798693886542367e-02
2.456146442201780155e+06 9.278299275521639800e-02
2.456146442734180018e+06 7.740632582303597076e-02
2.456146443289719988e+06 1.388878893177700746e-01
2.456146443856840022e+06 9.921870176431113464e-02
2.456146444400810171e+06 6.850610882863961137e-02
2.456146444933199789e+06 1.118012137450214993e-01
2.456146445477169938e+06 7.264366834206903434e-02
2.456146446009569801e+06 1.050068112955635513e-01
2.456146446565109771e+06 9.565282835002619777e-02
2.456146447109079920e+06 7.551071600718373134e-02
2.456146447653050069e+06 9.716868644298770619e-02
2.456146448185440153e+06 8.457989911311969422e-02
2.456146448729409836e+06 5.231271386033675697e-02
2.456146449273379985e+06 6.175432171986550145e-02
2.456146449805770069e+06 7.142872309829684241e-02
2.456146450349740218e+06 1.121209165026577637e-01
2.456146450893709902e+06 8.442297793412834039e-02
2.456146451449249871e+06 5.042401545500929672e-02
2.456146465303100180e+06 4.024424529044523524e-02
2.456146465858640149e+06 6.867512992464952504e-02
2.456146466391040012e+06 8.502550425229493669e-02
2.456146466935010161e+06 7.611214111913966462e-02
2.456146467467399780e+06 9.277175482631250247e-02
2.456146467999800108e+06 4.255129282290326387e-02
2.456146468532190192e+06 1.023444445255563551e-01
2.456146469099310227e+06 1.171512527989992947e-01
2.456146469631710090e+06 1.010706962466265679e-01
2.456146470175669994e+06 9.794599482179400241e-02
2.456146470708069857e+06 9.012537465041781104e-02
2.456146471252040006e+06 9.104295667319028951e-02
2.456146471784430090e+06 5.647864502968680256e-02
2.456146472316829953e+06 5.331815141774676192e-02
2.456146472860800102e+06 5.194339812119252997e-02
2.456146473393190186e+06 8.648207932312779178e-02
2.456146473971880041e+06 8.736514638238901398e-02
2.456146474562149961e+06 9.076923825187499517e-02
2.456146475152410101e+06 3.735982875508270240e-02
2.456146475731099956e+06 1.255202625886191470e-01
2.456146476309789810e+06 8.813798433005715083e-02
2.456146476900060195e+06 4.412108366086187061e-02
2.456146477501890156e+06 5.112314985875876516e-02
2.456146478080589790e+06 6.356445410625255477e-02
2.456146478670849930e+06 9.190565798067851233e-02
2.456146479203240015e+06 1.148763421298699683e-01
2.456146479735639878e+06 1.048500087300503480e-01
2.456146480279610027e+06 6.298210165362760904e-02
2.456146480812000111e+06 3.119560817037481115e-02
2.456146481367549859e+06 6.557695295058607599e-02
2.456146481899939943e+06 1.055496698163356228e-01
2.456146482432339806e+06 1.256675692854507531e-01
2.456146482976309955e+06 4.121402459613321412e-02
2.456146483520269860e+06 1.276593804406171984e-01
2.456146484064240009e+06 6.012447920959829162e-02
2.456146484596639872e+06 4.572733450567767477e-02
2.456146485129029956e+06 9.940933545410324257e-02
2.456146485673000105e+06 1.145325147773732510e-01
2.456146486205399968e+06 7.988686850587356503e-02
2.456146486749370117e+06 4.552718978244030268e-02
2.456146487328059971e+06 1.473925480729594284e-01
2.456146487860450055e+06 3.421900930378285466e-02
2.456146488415990025e+06 3.896193915001333608e-02
2.456146488948389888e+06 5.055443627899514070e-02
2.456146489492360037e+06 1.105183004442089612e-01
2.456146490024750121e+06 9.718863668110344634e-02
2.456146490580299869e+06 6.778907277278278798e-02
2.456146491124259774e+06 1.991085048573992822e-02
2.456146491679809988e+06 6.027145344539164284e-02
2.456146492212200072e+06 7.719849983421411821e-02
2.456146492756170221e+06 7.981500508683048167e-02
2.456146493311710190e+06 7.280465376200773164e-02
2.456146493855679873e+06 8.442840958660013939e-02
2.456146494388080202e+06 7.400707256722682814e-02
2.456146494920469820e+06 1.077461131621575419e-01
2.456146495464439970e+06 8.019086226547855745e-02
2.456146495996839833e+06 3.114182556794276024e-02
2.456146496529229917e+06 6.220600384875929478e-02
2.456146497073200066e+06 7.445041846188793500e-02
2.456146497617170215e+06 6.171525025494162264e-02
2.456146498149570078e+06 2.048042627546209360e-02
2.456146498705110047e+06 5.622647592824314700e-02
2.456146499272219837e+06 8.117876924391964621e-02
2.456146499804620165e+06 2.537079892429616734e-02
2.456146500348589849e+06 4.381738731253470576e-02
2.456146500892559998e+06 3.699593818583224447e-02
2.456146501424950082e+06 4.749615740281498688e-02
2.456146501968920231e+06 5.705249765565056919e-02
2.456146502489740029e+06 4.525216732429271360e-02
2.456146503045289777e+06 7.329809701535516808e-02
2.456146503635549918e+06 7.000568706121157447e-02
2.456146504179520067e+06 6.696453110793676444e-02
2.456146504723490216e+06 6.630196775327945602e-02
2.456146505255879834e+06 4.275602660366573105e-02
2.456146505788280163e+06 4.040473752401751995e-02
2.456146506332249846e+06 7.091811089767219300e-02
2.456146506864639930e+06 5.028680609810365354e-02
2.456146507408610079e+06 6.808157703271255912e-02
2.456146507952580228e+06 1.395528251282787124e-01
2.456146508496549912e+06 9.700044417976272371e-02
2.456146509028939996e+06 9.088701133642196339e-02
2.456146509584490210e+06 5.709667653063377202e-02
2.456146510128459893e+06 9.801556685622969667e-02
2.456146510672419798e+06 8.873947394091530327e-02
2.456146511216389947e+06 8.013824775240507847e-02
2.456146511760360096e+06 9.072627017920353865e-02
2.456146512327480130e+06 9.225779295360325705e-02
2.456146512871449813e+06 3.786162503012313607e-02
2.456146513403839897e+06 3.506603525461216009e-02
2.456146513936240226e+06 3.656481235249131601e-02
2.456146514503350016e+06 8.936280463417389797e-02
2.456146515035749879e+06 1.001872052001893110e-01
2.456146515568139963e+06 9.334197712335168262e-02
2.456146516100539826e+06 5.279621909414977665e-02
2.456146516679230146e+06 9.266880892485929166e-02
2.456146517234770115e+06 5.051539974555474544e-02
2.456146517767169978e+06 7.290664827412207671e-02
2.456146518322709948e+06 3.243090094657219424e-02
2.456146518866680097e+06 7.342540334952474268e-02
2.456146519399070181e+06 3.462321673216450790e-02
2.456146519931470044e+06 2.833387987767466143e-02
2.456146520463860128e+06 8.263363502994280907e-02
2.456146521019409876e+06 6.811639929017943018e-02
2.456146521551799960e+06 5.381561888655106429e-02
2.456146522095770109e+06 2.503241920149612554e-02
2.456146522628169972e+06 3.924821193226790683e-02
2.456146523172140121e+06 9.572661193404030655e-02
2.456146523704530206e+06 7.345760997288230953e-02
2.456146524248499889e+06 7.508714251112635907e-02
2.456146524804039858e+06 6.037088994740003045e-02
2.456146525348010007e+06 -1.356044639771170068e-02
2.456146525891980156e+06 4.163692197686330587e-02
2.456146526424369775e+06 5.561620780076026449e-02
2.456146526979919989e+06 5.717390361144403244e-02
2.456146527558609843e+06 2.692939559919516057e-02
2.456146528102579992e+06 3.394178825488936013e-02
2.456146528646550141e+06 4.186430495739656976e-02
2.456146529202090111e+06 1.754181109202512800e-02
2.456146529746059794e+06 6.052274869443685645e-02
2.456146530324750114e+06 4.338393619658020839e-02
2.456146530868719798e+06 8.926763022330952424e-02
2.456146531412689947e+06 4.178368763390594154e-02
2.456146531945080031e+06 5.424011381315452240e-02
2.456146532477479894e+06 2.841535022532504229e-02
2.456146533021439798e+06 8.606476800657425485e-02
2.456146533565409947e+06 8.713921067082708305e-02
2.456146534109380096e+06 2.050115613939951231e-02
2.456146534653349780e+06 3.757097984988178041e-02
2.456146535174170043e+06 2.186710359174171003e-02
2.456146535718140192e+06 5.923928966576141875e-02
2.456146536273680162e+06 2.816201015919084227e-02
2.456146536829229910e+06 4.145813283803434501e-02
2.456146537361619994e+06 1.792153327834036247e-01
2.456146537917159963e+06 9.595776975174175050e-02
2.456146538461130112e+06 6.388233194105552570e-02
2.456146539005099796e+06 -6.604991171579754905e-03
2.456146539549069945e+06 5.085414583619396467e-02
2.456146540104609914e+06 7.286501956273028213e-02
2.456146540637009777e+06 8.034210259633844942e-02
2.456146541180979926e+06 -9.429863376043456924e-03
2.456146541701800190e+06 6.193819648333587224e-02
2.456146542245769873e+06 8.570316679691103445e-03
2.456146542766590137e+06 2.167447571153857666e-02
2.456146543310559820e+06 4.496178101418912831e-02
2.456146543854529969e+06 6.815150958418669802e-03
2.456146544386920054e+06 4.842634968841963428e-02
2.456146544930890203e+06 1.068329258534816972e-01
2.456146545474859886e+06 1.159658993772794133e-02
2.456146546007260215e+06 3.114882911009431155e-02
2.456146546539649833e+06 4.978497349113375492e-02
2.456146547083619982e+06 1.525217446291371459e-02
2.456146547627590131e+06 5.392481398076398591e-02
2.456146548159980215e+06 7.655869499608058959e-03
2.456146548703949898e+06 -4.361661554391105255e-03
2.456146549236350227e+06 6.461049662981288577e-02
2.456146549791890197e+06 5.975983090342396054e-02
2.456146550347430166e+06 1.509098258342156385e-02
2.456146550891399849e+06 4.134552201989905029e-02
2.456146551423800178e+06 8.120305395569005213e-02
2.456146551979340147e+06 4.545051115694498378e-02
2.456146552534880117e+06 -1.226491611017621608e-03
2.456146553078849800e+06 1.972496930649292324e-02
2.456146553611250129e+06 8.016424967378554811e-02
2.456146554155210033e+06 6.721746207655776573e-02
2.456146554676040076e+06 1.616512195831987242e-02
2.456146555220010225e+06 1.783300162040646342e-03
