2.458331342300000135e+06 4.632996238212356843e-01
2.458331346520000137e+06 4.481778807288776534e-01
2.458331366710000206e+06 4.808836996813976583e-01
2.458331371600000188e+06 4.839730019149133255e-01
2.458331372330000158e+06 4.728800444386749291e-01
2.458331373670000117e+06 4.376568465799763885e-01
2.458331374369999859e+06 4.380940103369237448e-01
2.458331375059999991e+06 4.318410747703786967e-01
2.458331375760000199e+06 4.774627268558671034e-01
2.458331377909999806e+06 4.785899794886958603e-01
2.458331379350000061e+06 4.619050991070281498e-01
2.458331381010000128e+06 4.998767648782056483e-01
2.458331381719999947e+06 4.015024629989856209e-01
2.458331383160000201e+06 4.810506955997073675e-01
2.458331384599999990e+06 4.404091889512322666e-01
2.458331386010000017e+06 4.155510129345074688e-01
2.458331386729999911e+06 4.240631813802462347e-01
2.458331387370000128e+06 4.775314555232750280e-01
2.458331388069999870e+06 4.146850244860438295e-01
2.458331390899999999e+06 4.052763866032051965e-01
2.458331394330000039e+06 4.651912959385064994e-01
2.458331395020000171e+06 4.468777915710209214e-01
2.458331397119999863e+06 4.124480914089865280e-01
2.458331397849999834e+06 4.755272306304405561e-01
2.458331398529999889e+06 5.288750996484328226e-01
2.458331399890000001e+06 5.333671622398625800e-01
2.458331402550000232e+06 4.947722994006973352e-01
2.458331403309999965e+06 4.977332468292345879e-01
2.458331406769999769e+06 5.164541161145841386e-01
2.458331408150000032e+06 5.059930456532466536e-01
2.458331408799999859e+06 4.829014745524187191e-01
2.458331409489999991e+06 4.716779056872564269e-01
2.458331410209999885e+06 4.729545680951297015e-01
2.458331411580000073e+06 5.068347057066855399e-01
2.458331412969999947e+06 5.412725900984618477e-01
2.458331416480000131e+06 4.657800921508634673e-01
2.458331417129999958e+06 4.512530758148347587e-01
2.458331417810000014e+06 4.430213774640829882e-01
2.458331419859999791e+06 4.406890183608123124e-01
2.458331420559999999e+06 4.514545172318040755e-01
2.458331421300000045e+06 4.267504215485438124e-01
2.458331423739999998e+06 4.123758566564035277e-01
2.458331424440000206e+06 4.003281158374250026e-01
2.458331425329999998e+06 4.869714760511882901e-01
2.458331427379999775e+06 4.540071520187378695e-01
2.458331428270000033e+06 4.927012809034714280e-01
2.458331428989999928e+06 4.545358756106487874e-01
2.458331430279999971e+06 4.822039111602496320e-01
2.458331431840000208e+06 4.682276523685597880e-01
2.458331432479999959e+06 4.768488542230571170e-01
2.458331433189999778e+06 4.998529019535595808e-01
2.458331434570000041e+06 4.504664422994171247e-01
2.458331435260000173e+06 4.634059948641713333e-01
2.458331435959999915e+06 4.684395344209342227e-01
2.458331436650000047e+06 5.183683831280898602e-01
2.458331438089999836e+06 4.935415649557324258e-01
2.458331438730000053e+06 5.224038896662133169e-01
2.458331439420000184e+06 4.725171676514730024e-01
2.458331440099999774e+06 4.506265435974388112e-01
2.458331440750000067e+06 4.788594337953391289e-01
2.458331442090000026e+06 4.635266774606723317e-01
2.458331443049999885e+06 4.828878141210868336e-01
2.458331445259999949e+06 4.532190061232341804e-01
2.458331445969999768e+06 4.601544224962559326e-01
2.458331446709999815e+06 4.127377255917785703e-01
2.458331447399999946e+06 4.637678086882690565e-01
2.458331448799999896e+06 4.407661385981871405e-01
2.458331449570000172e+06 4.657524740574281452e-01
2.458331450230000075e+06 4.300399526668972072e-01
2.458331450920000207e+06 4.122646195294663585e-01
2.458331451559999958e+06 4.162353703724512854e-01
2.458331453530000057e+06 4.124763095561476689e-01
2.458331454179999884e+06 4.465411044857976464e-01
2.458331454870000016e+06 4.675296286649768263e-01
2.458331455639999826e+06 4.538799783834530643e-01
2.458331457020000089e+06 4.068830570459383011e-01
2.458331457700000145e+06 4.328344809973554419e-01
2.458331458339999896e+06 4.395595930913884786e-01
2.458331459040000103e+06 3.982148254529498388e-01
2.458331459739999846e+06 3.837484002309174969e-01
2.458331460570000112e+06 3.506014188203643300e-01
2.458331462640000042e+06 3.931240827236948121e-01
2.458331463669999968e+06 3.543464619677649807e-01
2.458331464809999801e+06 4.017788610749235545e-01
2.458331466250000056e+06 3.679060756395458043e-01
2.458331466940000188e+06 3.658558036979950856e-01
2.458331467650000006e+06 4.066311559027369071e-01
2.458331468379999977e+06 3.728667448690501374e-01
2.458331469029999804e+06 4.217280170013566476e-01
2.458331469730000012e+06 3.704423966741110519e-01
2.458331470430000219e+06 3.696042436169673095e-01
2.458331471179999877e+06 3.925045776908486772e-01
2.458331471880000085e+06 4.016399220432944617e-01
2.458331472579999827e+06 3.840023251290034523e-01
2.458331473280000035e+06 3.706313456541181495e-01
2.458331474010000005e+06 3.979957382873848815e-01
2.458331474659999833e+06 4.269868877772218241e-01
2.458331475399999879e+06 4.206157243630528342e-01
2.458331476040000096e+06 4.076646407936959093e-01
2.458331476730000228e+06 4.002671411167320059e-01
2.458331477570000105e+06 4.115426043467618200e-01
2.458331478349999990e+06 3.710729971162667340e-01
2.458331478999999817e+06 4.171956214025005494e-01
2.458331479689999949e+06 3.786620872773021063e-01
2.458331480409999844e+06 4.456947265659838564e-01
2.458331481070000213e+06 4.090758170459825038e-01
2.458331481900000013e+06 3.712620911979875871e-01
2.458331482590000145e+06 3.758444674360870152e-01
2.458331483289999887e+06 3.633664319513947305e-01
2.458331484040000010e+06 3.811940021797752820e-01
2.458331484980000183e+06 3.561412413357523121e-01
2.458331485929999966e+06 3.356555306984798648e-01
2.458331486610000022e+06 3.806511831467034312e-01
2.458331487290000077e+06 2.965836371714711817e-01
2.458331487989999820e+06 3.523853665316032391e-01
2.458331488679999951e+06 3.521014777986195554e-01
2.458331489389999770e+06 3.096071541158451623e-01
2.458331490180000197e+06 3.066798107527191064e-01
2.458331490819999948e+06 3.176061444152225022e-01
2.458331491520000156e+06 3.358386190735433985e-01
2.458331492180000059e+06 3.276937600271292439e-01
2.458331492910000030e+06 3.434445799624743501e-01
2.458331493609999772e+06 3.070562155185712072e-01
2.458331494299999904e+06 3.126933789070029945e-01
2.458331494950000197e+06 3.162569734242985930e-01
2.458331495689999778e+06 3.101287652999484834e-01
2.458331496400000062e+06 3.157111292048764284e-01
2.458331497150000185e+06 2.976713611283603456e-01
2.458331497849999927e+06 3.412987914272083145e-01
2.458331498540000059e+06 3.921305856405261636e-01
2.458331499249999877e+06 3.326875637716817380e-01
2.458331500030000228e+06 3.415768866646402557e-01
2.458331500700000208e+06 3.630427248727841061e-01
2.458331501439999789e+06 3.361704009917012570e-01
2.458331502139999997e+06 3.704376453947162418e-01
2.458331502869999968e+06 3.114463527071578142e-01
2.458331503519999795e+06 3.632468846849778998e-01
2.458331504209999926e+06 3.234408467692588829e-01
2.458331505069999956e+06 3.510053610613290687e-01
2.458331506049999967e+06 3.704957647266837739e-01
2.458331506790000014e+06 3.420060753998299674e-01
2.458331507459999993e+06 3.716517291330401207e-01
2.458331508189999964e+06 3.783333291648034447e-01
2.458331508849999867e+06 3.844739771506340276e-01
2.458331509490000084e+06 3.518216118997585795e-01
2.458331510180000216e+06 4.067201621188729632e-01
2.458331510900000110e+06 3.884582377556817789e-01
2.458331511830000207e+06 3.968336732307360393e-01
2.458331512560000177e+06 4.259795211168064810e-01
2.458331513199999928e+06 3.973696224084584117e-01
2.458331513919999823e+06 4.396588353841366370e-01
2.458331514829999767e+06 3.482864686178199776e-01
2.458331515529999975e+06 3.849848259468018341e-01
2.458331516220000107e+06 4.056562102427658800e-01
2.458331516909999773e+06 3.959542795808683735e-01
2.458331517829999793e+06 3.955159318855550055e-01
2.458331518530000001e+06 4.484599056870059997e-01
2.458331519210000057e+06 4.014521711127425618e-01
2.458331519859999884e+06 3.924067180605028682e-01
2.458331520550000016e+06 3.906073073199305412e-01
2.458331521250000224e+06 3.667001235176243767e-01
2.458331521889999975e+06 4.080521847024236592e-01
2.458331522719999775e+06 3.490711154510499625e-01
2.458331523450000212e+06 3.863419037043875903e-01
2.458331524089999963e+06 3.570694038333925846e-01
2.458331524730000179e+06 3.846522221412591591e-01
2.458331525439999998e+06 3.979700251268027955e-01
2.458331526490000077e+06 3.916569702984098456e-01
2.458331527679999825e+06 3.662186164790384169e-01
2.458331528390000109e+06 3.514489397070921228e-01
2.458331529149999842e+06 4.023364356248251283e-01
2.458331529800000135e+06 4.080788173265812446e-01
2.458331530509999953e+06 4.015697065889725081e-01
2.458331531229999848e+06 4.070202295841127693e-01
2.458331531880000141e+06 3.969241538991923335e-01
2.458331532569999807e+06 3.777085087968856669e-01
2.458331533270000014e+06 3.879333826238102745e-01
2.458331533970000222e+06 3.678365877072433676e-01
2.458331534659999888e+06 3.980724691677757221e-01
2.458331535360000096e+06 3.984841791618549678e-01
2.458331536059999838e+06 3.928811109172052340e-01
2.458331536770000122e+06 3.720334424740165957e-01
2.458331537440000102e+06 3.634687872089994443e-01
2.458331538139999844e+06 3.609852249202916141e-01
2.458331538850000128e+06 3.765561669532164757e-01
2.458331539530000184e+06 4.002324343757805991e-01
2.458331540229999926e+06 3.551482466747160061e-01
2.458331540920000058e+06 3.516436863000258484e-01
2.458331541619999800e+06 3.699526315540051513e-01
2.458331542309999932e+06 4.055295827859985991e-01
2.458331543029999826e+06 3.412952324156641737e-01
2.458331543759999797e+06 3.983066752598709570e-01
2.458331544499999844e+06 3.274140056514021069e-01
2.458331545140000060e+06 3.884938429226139078e-01
2.458331545789999887e+06 4.041011344238150116e-01
2.458331546490000095e+06 3.758834876593297736e-01
2.458331547509999946e+06 4.034700925966578922e-01
2.458331548589999788e+06 3.447600868795390738e-01
2.458331549250000156e+06 4.069908004016653535e-01
2.458331549939999823e+06 4.053935900972369666e-01
2.458331550660000183e+06 3.947809334364009715e-01
2.458331551380000077e+06 3.414038278280671079e-01
2.458331552099999972e+06 3.964981319319260678e-01
2.458331552780000027e+06 3.701786405129823265e-01
2.458331553489999846e+06 3.708064216349313824e-01
2.458331554169999901e+06 3.606008945772245511e-01
2.458331554880000185e+06 4.165846879059156294e-01
2.458331555620000232e+06 3.917747734923295866e-01
2.458331556309999898e+06 4.568573629385443979e-01
2.458331557000000030e+06 4.007636478761096299e-01
2.458331557639999781e+06 4.042197226918808894e-01
2.458331558319999836e+06 3.292183423077279514e-01
2.458331558980000205e+06 4.173565358586817098e-01
2.458331559669999871e+06 3.953739060641172642e-01
2.458331560450000223e+06 3.684367536557111578e-01
2.458331561180000193e+06 3.800850443550949365e-01
2.458331561879999936e+06 4.116087249374942303e-01
2.458331562570000067e+06 3.659257537893427781e-01
2.458331563209999818e+06 4.335566821845766583e-01
2.458331563910000026e+06 4.084005469148337397e-01
2.458331564619999845e+06 4.227631324561418324e-01
2.458331565409999806e+06 4.162969968145961985e-01
2.458331566110000014e+06 4.299089097286987737e-01
2.458331566790000070e+06 3.691533195788601063e-01
2.458331567660000175e+06 4.318351751063289612e-01
2.458331568829999771e+06 4.150667456098844355e-01
2.458331569589999970e+06 4.395004279797483093e-01
2.458331570280000102e+06 3.455254501167317471e-01
2.458331571669999976e+06 4.684227607001165694e-01
2.458331572319999803e+06 4.270864301539454289e-01
2.458331572999999858e+06 4.738920109085533738e-01
2.458331573679999914e+06 5.208220137774084435e-01
2.458331574409999885e+06 4.219378307004415518e-01
2.458331575110000093e+06 4.424920998837382768e-01
2.458331575869999826e+06 4.799595036193249342e-01
2.458331576570000034e+06 4.881204660620053204e-01
2.458331577359999996e+06 5.085430471479384096e-01
2.458331578000000212e+06 4.624264536820721361e-01
2.458331578699999955e+06 4.728840087254511104e-01
2.458331579349999782e+06 4.576644894823775900e-01
2.458331580039999913e+06 4.352680860796951379e-01
2.458331580740000121e+06 4.333375814640536561e-01
2.458331581449999940e+06 4.505405791950956029e-01
2.458331582109999843e+06 4.172433388599170456e-01
2.458331582750000060e+06 4.777364291253647366e-01
2.458331600019999780e+06 3.419213327520402856e-01
2.458332341260000132e+06 3.427664737828628461e-01
2.458332342699999921e+06 3.936954183987317890e-01
2.458332344779999927e+06 4.644843153733351215e-01
2.458332345459999982e+06 3.186798550925598050e-01
2.458332346109999809e+06 4.271385489142165426e-01
2.458332347510000225e+06 3.862521857900702571e-01
2.458332348890000023e+06 3.421065265962237589e-01
2.458332350219999906e+06 4.892112037501288313e-01
2.458332350920000114e+06 4.575227351124642183e-01
2.458332351619999856e+06 4.517777598346199852e-01
2.458332352369999979e+06 4.190811348145757620e-01
2.458332353060000110e+06 4.763438016169985190e-01
2.458332353759999853e+06 4.078745656082034543e-01
2.458332354470000137e+06 4.378474208506961673e-01
2.458332355150000192e+06 4.163873120405163775e-01
2.458332355839999858e+06 4.271985949905978686e-01
2.458332356540000066e+06 4.561750388576655268e-01
2.458332357239999808e+06 4.670878248935554922e-01
2.458332357979999855e+06 4.721487147786973537e-01
2.458332358680000063e+06 4.695488134618646114e-01
2.458332359749999829e+06 4.749195576681408681e-01
2.458332362660000101e+06 4.271493777593882157e-01
2.458332364699999802e+06 4.683714765403337310e-01
2.458332366090000141e+06 4.506092140630357790e-01
2.458332366779999807e+06 5.103188856684539587e-01
2.458332367480000015e+06 4.672916044382411371e-01
2.458332368869999889e+06 4.551490273352492011e-01
2.458332369560000021e+06 4.742756824474287924e-01
2.458332371030000038e+06 4.524939782431456337e-01
2.458332372380000073e+06 3.999521333939082268e-01
2.458332373029999901e+06 4.079399892477990619e-01
2.458332373709999956e+06 3.970370854319362763e-01
2.458332374419999775e+06 4.724156104167249737e-01
2.458332375810000114e+06 4.322026317868310485e-01
2.458332376509999856e+06 5.057948010008210815e-01
2.458332377210000064e+06 4.709675634684042933e-01
2.458332377940000035e+06 4.243819387890255257e-01
2.458332378579999786e+06 4.556169494235398076e-01
2.458332379279999994e+06 4.453218199321611337e-01
2.458332380330000073e+06 4.534375917440005566e-01
2.458332381209999789e+06 4.531834630070008529e-01
2.458332381920000073e+06 4.597030379656352750e-01
2.458332382569999900e+06 3.851690187801395382e-01
2.458332383260000031e+06 4.649086805646209797e-01
2.458332383950000163e+06 4.760292143202171644e-01
2.458332384639999829e+06 4.007406023881845414e-01
2.458332385329999961e+06 4.094901555349910183e-01
2.458332385979999788e+06 4.061370199201892461e-01
2.458332386669999920e+06 4.005438788970412389e-01
2.458332387380000204e+06 4.480362583471126925e-01
2.458332388079999946e+06 4.469109641951121148e-01
2.458332388809999917e+06 4.116916862551711631e-01
2.458332389500000048e+06 4.295109592032755330e-01
2.458332390149999876e+06 3.843258168947318865e-01
2.458332390840000007e+06 4.492836766454750830e-01
2.458332391540000215e+06 4.359954940115038369e-01
2.458332392219999805e+06 4.264842443050262943e-01
2.458332392860000022e+06 4.386631969628851380e-01
2.458332393550000153e+06 4.238673190698847293e-01
2.458332394199999981e+06 3.663431841032682712e-01
2.458332394890000112e+06 4.089096227360098368e-01
2.458332395529999863e+06 4.191010313836205370e-01
2.458332396219999995e+06 4.325585794545521168e-01
2.458332396920000203e+06 4.736292236628951713e-01
2.458332397609999869e+06 3.903572619029542778e-01
2.458332398300000001e+06 4.243115406948554380e-01
2.458332398990000132e+06 4.014768725155093421e-01
2.458332399639999960e+06 4.301688988064356067e-01
2.458332400330000091e+06 4.281735338743164476e-01
2.458332401300000027e+06 3.523943912073832507e-01
2.458332402089999989e+06 4.644997503244638892e-01
2.458332402859999798e+06 4.620397892636400883e-01
2.458332403510000091e+06 4.428275192538535521e-01
2.458332404219999909e+06 4.142560765114478016e-01
2.458332404910000041e+06 3.730020529462496626e-01
2.458332405629999936e+06 4.315474231178981768e-01
2.458332406289999839e+06 4.554817307796312775e-01
2.458332406930000056e+06 3.991564350106706627e-01
2.458332407629999798e+06 4.711304418569657315e-01
2.458332408330000006e+06 3.859306718385564494e-01
2.458332409020000137e+06 4.054225290295967454e-01
2.458332409719999880e+06 2.747237512009395033e-01
2.458332410399999935e+06 3.653687818684439037e-01
2.458332411100000143e+06 3.225774772360345821e-01
2.458332411789999809e+06 3.525034509799791493e-01
2.458332412490000017e+06 3.863748407943994323e-01
2.458332413190000225e+06 3.176525267623127036e-01
2.458332413900000043e+06 3.442535749476931528e-01
2.458332414630000014e+06 3.952757820321703974e-01
2.458332415330000222e+06 3.656371158860451942e-01
2.458332416240000166e+06 4.630089748784342873e-01
2.458332416889999993e+06 3.656070692309878467e-01
2.458332417590000201e+06 4.154767936263841221e-01
2.458332418279999867e+06 3.391540503826462327e-01
2.458332419209999964e+06 4.316413478364093947e-01
2.458332419890000019e+06 4.018378501468475861e-01
2.458332420590000227e+06 4.506817627887418354e-01
2.458332421279999893e+06 4.130225987105333729e-01
2.458332422730000224e+06 4.976940507058689178e-01
2.458332423409999814e+06 4.309936975636414758e-01
2.458332424130000174e+06 4.301985202822606880e-01
2.458332424829999916e+06 4.218544359702125490e-01
2.458332425559999887e+06 4.196942271687511550e-01
2.458332426210000180e+06 4.289954987010311527e-01
2.458332426899999846e+06 4.435113749027657093e-01
2.458332427589999977e+06 4.879522694354321288e-01
2.458332428290000185e+06 4.135244605252204053e-01
2.458332428989999928e+06 3.963247818447790394e-01
2.458332429680000059e+06 3.646890509152385107e-01
2.458332430370000191e+06 3.632501408909138974e-01
2.458332431069999933e+06 4.179636019571280059e-01
2.458332431770000141e+06 4.294190433009639207e-01
2.458332432500000112e+06 5.003741474407839007e-01
2.458332433149999939e+06 3.786810273207628086e-01
2.458332433829999994e+06 4.577000636693320246e-01
2.458332434479999822e+06 4.227709045140048971e-01
2.458332435169999953e+06 4.181157793092911135e-01
2.458332435870000161e+06 4.579729013384046254e-01
2.458332436559999827e+06 3.750878346032173738e-01
2.458332437270000111e+06 4.459812920259285107e-01
2.458332438130000141e+06 4.128907132547254832e-01
2.458332438829999883e+06 3.833269958215339557e-01
2.458332439540000167e+06 4.691971059197026506e-01
2.458332440210000146e+06 4.242034516289567847e-01
2.458332440899999812e+06 3.643330856514275240e-01
2.458332441610000096e+06 4.232679343852812082e-01
2.458332442350000143e+06 4.345051940137754087e-01
2.458332443320000079e+06 4.639524666150443011e-01
2.458332444110000040e+06 3.435545724140602886e-01
2.458332444930000231e+06 3.998986319449500115e-01
2.458332445619999897e+06 4.424699641151317309e-01
2.458332446349999867e+06 3.974654765245855259e-01
2.458332447009999771e+06 3.778723972012407728e-01
2.458332447709999979e+06 4.027559478214524091e-01
2.458332448410000186e+06 3.581683156635477872e-01
2.458332449149999768e+06 3.959662790294498080e-01
2.458332449839999899e+06 3.714380607351568386e-01
2.458332450490000192e+06 3.761315737028443351e-01
2.458332451220000163e+06 4.193851910704804453e-01
2.458332451880000066e+06 4.257728418175421581e-01
2.458332452579999808e+06 4.015405264410283337e-01
2.458332453280000016e+06 3.974022933347249875e-01
2.458332454030000139e+06 2.947479377148649604e-01
2.458332454739999957e+06 3.786305319361567001e-01
2.458332455459999852e+06 3.364406364428500495e-01
2.458332456129999831e+06 3.543880511787911303e-01
2.458332456799999811e+06 4.239680834421086786e-01
2.458332457500000019e+06 3.755516639216960328e-01
2.458332458190000150e+06 3.650483924901894994e-01
2.458332458999999799e+06 3.840145083624815214e-01
2.458332459689999931e+06 3.841484536069295075e-01
2.458332460340000223e+06 4.541731869725325055e-01
2.458332461050000042e+06 4.472648065867694811e-01
2.458332461790000089e+06 4.732970648632424115e-01
2.458332462489999831e+06 4.248413833280828555e-01
2.458332463260000106e+06 4.402874766543796170e-01
2.458332464290000033e+06 4.662802626410940121e-01
2.458332465160000138e+06 4.552234244940862595e-01
2.458332465849999804e+06 4.741975507468936257e-01
2.458332466519999783e+06 4.582208981242352763e-01
2.458332467209999915e+06 4.897018714481795598e-01
2.458332467850000132e+06 4.982202805260449452e-01
2.458332468549999874e+06 4.773347950651452010e-01
2.458332469240000006e+06 5.116262892729714906e-01
2.458332469930000138e+06 4.642306393895943017e-01
2.458332470579999965e+06 4.635219093828553127e-01
2.458332471270000096e+06 4.365737258354016603e-01
2.458332471989999991e+06 4.395832632667300288e-01
2.458332472709999885e+06 4.556916676032862767e-01
2.458332473410000093e+06 4.672205154815394224e-01
2.458332474129999988e+06 4.508903513735145197e-01
2.458332474870000035e+06 4.601014287302920280e-01
2.458332475560000166e+06 4.517401384349586380e-01
2.458332476259999909e+06 4.498482954077989149e-01
2.458332476950000040e+06 4.330533230399495892e-01
2.458332477690000087e+06 3.954712429564608556e-01
2.458332478339999914e+06 4.561574821389484669e-01
2.458332479050000198e+06 4.298842988861526493e-01
2.458332479729999788e+06 3.972313965216081044e-01
2.458332480419999920e+06 3.870480063166130691e-01
2.458332481110000052e+06 3.931869025487966240e-01
2.458332481790000107e+06 4.546471791171455834e-01
2.458332482450000010e+06 3.828586595561951356e-01
2.458332483179999981e+06 4.036824050040976886e-01
2.458332483839999884e+06 4.687681692613470119e-01
2.458332485080000013e+06 3.841116671256514792e-01
2.458332485840000212e+06 3.133878792986291018e-01
2.458332486630000174e+06 3.673812615743869969e-01
2.458332487319999840e+06 3.616575237224690653e-01
2.458332488030000124e+06 3.231962089825408668e-01
2.458332488710000180e+06 2.971430212346852784e-01
2.458332489409999922e+06 3.632571934785300272e-01
2.458332490100000054e+06 3.197344717602721431e-01
2.458332490830000024e+06 3.014352575008363289e-01
2.458332491479999851e+06 3.398235131002316223e-01
2.458332492329999804e+06 3.623042244361762698e-01
2.458332492990000173e+06 3.201189682009193405e-01
2.458332493749999907e+06 3.195140875296882399e-01
2.458332494429999962e+06 3.549407937105684141e-01
2.458332495079999790e+06 3.471455472851019408e-01
2.458332495769999921e+06 3.865273234932313784e-01
2.458332496420000214e+06 3.940977939255567719e-01
2.458332497109999880e+06 4.134054214582700837e-01
2.458332497839999851e+06 3.726156205174540048e-01
2.458332498500000220e+06 3.415360121669905880e-01
2.458332499319999944e+06 4.212668618257495723e-01
2.458332500010000076e+06 3.812920752079040909e-01
2.458332500769999810e+06 4.310664201104188464e-01
2.458332501449999865e+06 4.364358081929644584e-01
2.458332502100000158e+06 4.552543391628507408e-01
2.458332502989999950e+06 4.271573579245622199e-01
2.458332503719999921e+06 4.389931843728405170e-01
2.458332504430000205e+06 4.125460675070797834e-01
2.458332505479999818e+06 4.142008397281742305e-01
2.458332507029999979e+06 4.731762011461952966e-01
2.458332507689999882e+06 4.530234032662896482e-01
2.458332508450000081e+06 3.572671869426073954e-01
2.458332509209999815e+06 3.960857384608367227e-01
2.458332510139999911e+06 3.716286720335073568e-01
2.458332510869999882e+06 3.992974755099485407e-01
2.458332511560000014e+06 3.671925187985287664e-01
2.458332512209999841e+06 4.352280601032205709e-01
2.458332512899999972e+06 3.845379370325261448e-01
2.458332513609999791e+06 3.382734530857405275e-01
2.458332514299999923e+06 3.841116786881553224e-01
2.458332515000000130e+06 3.184912923137570573e-01
2.458332515689999796e+06 3.813277006948752046e-01
2.458332516390000004e+06 3.828256456688858833e-01
2.458332517130000051e+06 3.693860196488785164e-01
2.458332517839999869e+06 3.430824820345801385e-01
2.458332518540000077e+06 3.925328920583055492e-01
2.458332519230000209e+06 3.821949491850276104e-01
2.458332519919999875e+06 3.626339120422095164e-01
2.458332520610000007e+06 3.723523145881166840e-01
2.458332521310000215e+06 3.934100635444970351e-01
2.458332521999999881e+06 3.862942422130313247e-01
2.458332522719999775e+06 4.193638860773472032e-01
2.458332523450000212e+06 4.187002392509739934e-01
2.458332524180000182e+06 4.047947053168137188e-01
2.458332524830000009e+06 3.645733328649995997e-01
2.458332525499999989e+06 3.822802189577725329e-01
2.458332526539999992e+06 3.931133789726981576e-01
2.458332527530000079e+06 3.538258493764221413e-01
2.458332528260000050e+06 3.899536928963325266e-01
2.458332529079999775e+06 4.248501342328658836e-01
2.458332529779999983e+06 3.936710531210145803e-01
2.458332530530000106e+06 4.099444510600083191e-01
2.458332531239999924e+06 4.166730982195829824e-01
2.458332531940000132e+06 3.699415144499766939e-01
2.458332532670000102e+06 4.316211196245358650e-01
2.458332533359999768e+06 4.424645943780642909e-01
2.458332534010000061e+06 4.159087079242702600e-01
2.458332534700000193e+06 4.071563161885585203e-01
2.458332535339999944e+06 4.022408152860030839e-01
2.458332536020000000e+06 3.979062154126253859e-01
2.458332536679999903e+06 3.736639720642678242e-01
2.458332537359999958e+06 3.842039466893396593e-01
2.458332538079999853e+06 4.657725010963265078e-01
2.458332538809999824e+06 4.164022419080808390e-01
2.458332539460000116e+06 3.917830446753747253e-01
2.458332540149999782e+06 4.034762788374983700e-01
2.458332540860000066e+06 4.218293444844647411e-01
2.458332541590000037e+06 3.810212078819468218e-01
2.458332542239999864e+06 4.097204346742149284e-01
2.458332542919999920e+06 3.507562633953718034e-01
2.458332543570000213e+06 4.041409570188321254e-01
2.458332544259999879e+06 4.176015584934802405e-01
2.458332544910000172e+06 4.557909735083107705e-01
2.458332545609999914e+06 2.929268775574076500e-01
2.458332546310000122e+06 3.982573776889068995e-01
2.458332547569999937e+06 3.517601272177284244e-01
2.458332548500000034e+06 3.310556680686893571e-01
2.458332549230000004e+06 3.470282735683518638e-01
2.458332549939999823e+06 3.476452065954003245e-01
2.458332550629999954e+06 3.479086681421428295e-01
2.458332551330000162e+06 3.082764678452107887e-01
2.458332552029999904e+06 3.410356733143160568e-01
2.458332552759999875e+06 3.375743485169930835e-01
2.458332553439999931e+06 3.295709609820214325e-01
2.458332554099999834e+06 2.927546507616494154e-01
2.458332554789999966e+06 3.336691659293613554e-01
2.458332555559999775e+06 3.178611141202107859e-01
2.458332556259999983e+06 3.152669185107495053e-01
2.458332557020000182e+06 3.155136863534799829e-01
2.458332557750000153e+06 2.524765629212559759e-01
2.458332558449999895e+06 2.683055924986135210e-01
2.458332559189999942e+06 2.525597330452207245e-01
2.458332559830000158e+06 2.993793087720906243e-01
2.458332560610000044e+06 3.158059257163010614e-01
2.458332561389999930e+06 3.590736645919800907e-01
2.458332562119999900e+06 3.894957387932542758e-01
2.458332562849999871e+06 2.672098039543904235e-01
2.458332563529999927e+06 2.701556597919676506e-01
2.458332564230000135e+06 3.125690235604086098e-01
2.458332564919999801e+06 2.636752815716452147e-01
2.458332565589999780e+06 2.916328288922542811e-01
2.458332566310000140e+06 2.951410945777546146e-01
2.458332566949999891e+06 2.944858265767802408e-01
2.458332568010000046e+06 3.833470242855021581e-01
2.458332569120000117e+06 3.090261965390155297e-01
2.458332569930000231e+06 3.428561665986293860e-01
2.458332570770000108e+06 3.378084505502823021e-01
2.458332571469999850e+06 2.991041756708980870e-01
2.458332572190000210e+06 3.030461801079233908e-01
2.458332572920000181e+06 2.826474766495099544e-01
2.458332573629999999e+06 3.302161924270627935e-01
2.458332574359999970e+06 3.352960076527224942e-01
2.458332575009999797e+06 3.980314849659212229e-01
2.458332575699999928e+06 3.470992106150578849e-01
2.458332576340000145e+06 3.657472182575176589e-01
2.458332577029999811e+06 3.441652496249538729e-01
2.458332577680000104e+06 3.015874047013138437e-01
2.458332578369999770e+06 3.675880461183549386e-01
2.458332579069999978e+06 3.491286688201977739e-01
2.458332579760000110e+06 3.593109000387713081e-01
2.458332580589999910e+06 3.721061160902827680e-01
2.458332581319999881e+06 3.587369902464683236e-01
2.458332582049999852e+06 3.506315859661395251e-01
2.458332582710000221e+06 3.191495335752172480e-01
2.458332583420000039e+06 3.357431434017392746e-01
2.458332584240000229e+06 3.806721612832753010e-01
2.458332584970000200e+06 3.262250122479528613e-01
2.458332585609999951e+06 3.848940780747920343e-01
2.458332586250000168e+06 3.176086219065883398e-01
2.458332586939999834e+06 3.459710165538805171e-01
2.458332587580000050e+06 3.395874863298136148e-01
2.458332588690000121e+06 3.057485483856030584e-01
2.458332589569999836e+06 3.195443967176636590e-01
2.458332590290000197e+06 2.783483286992058936e-01
2.458332591200000141e+06 3.402329293433350443e-01
2.458332592009999789e+06 2.832592878085620214e-01
2.458332592660000082e+06 3.130061399744690220e-01
2.458332593299999833e+06 3.246432450767748890e-01
2.458332593989999965e+06 3.552965247468229393e-01
2.458332594889999833e+06 3.177941794084286897e-01
2.458332596309999935e+06 3.864662324769980728e-01
2.458333338680000044e+06 4.425326760339931553e-01
2.458333339420000091e+06 4.722129248709467930e-01
2.458333340110000223e+06 5.173143081158677603e-01
2.458333340780000202e+06 4.289914670425893917e-01
2.458333341529999860e+06 3.972062007139740558e-01
2.458333342230000068e+06 4.208014737460548105e-01
2.458333342910000123e+06 4.739033275849457993e-01
2.458333343609999865e+06 4.320402914554613005e-01
2.458333344299999997e+06 3.908523823469209901e-01
2.458333344940000214e+06 4.138696899052369815e-01
2.458333345629999880e+06 3.472093340218407320e-01
2.458333346280000173e+06 4.171013863062817961e-01
2.458333346969999839e+06 4.421277339444706911e-01
2.458333347680000123e+06 3.849926123360951635e-01
2.458333350300000049e+06 4.111800934314935319e-01
2.458333352870000061e+06 3.713249363770216860e-01
2.458333353560000192e+06 3.326597984119743501e-01
2.458333354270000011e+06 4.012049024406927344e-01
2.458333354960000142e+06 4.306175408529853144e-01
2.458333355659999885e+06 4.157807984348806940e-01
2.458333356410000008e+06 4.247073237973033599e-01
2.458333357110000215e+06 3.528822994867475416e-01
2.458333357799999882e+06 3.310891975174818924e-01
2.458333358500000089e+06 4.223907524778631739e-01
2.458333359250000212e+06 4.717906445090296330e-01
2.458333359999999870e+06 4.567123383490336863e-01
2.458333360799999908e+06 4.937075127208387926e-01
2.458333361510000192e+06 5.656834025599177806e-01
2.458333362199999858e+06 4.500978931202652689e-01
2.458333362900000066e+06 4.623224805191981091e-01
2.458333363640000112e+06 4.653846078188959012e-01
2.458333364339999855e+06 4.677414400189263688e-01
2.458333365040000062e+06 4.681660720871185788e-01
2.458333365780000109e+06 4.488697790669107235e-01
2.458333366469999775e+06 4.428858939929849470e-01
2.458333367190000135e+06 4.299516626212191994e-01
2.458333367920000106e+06 5.003914637781985419e-01
2.458333368629999924e+06 4.739857977599477579e-01
2.458333369299999904e+06 4.131016651044419064e-01
2.458333370010000188e+06 4.411885904780117329e-01
2.458333370699999854e+06 4.609992887463327804e-01
2.458333371400000062e+06 4.019370293966488816e-01
2.458333372090000194e+06 4.266099141133476991e-01
2.458333372779999860e+06 3.536109690964153174e-01
2.458333373480000068e+06 4.130714696849313583e-01
2.458333374179999810e+06 4.106624520024091396e-01
2.458333374869999941e+06 4.029391820207681718e-01
2.458333375570000149e+06 4.318460337926683934e-01
2.458333376250000205e+06 4.403739935467498867e-01
2.458333376939999871e+06 4.338879986392516486e-01
2.458333377640000079e+06 4.365662193695758475e-01
2.458333378339999821e+06 4.775184269608985232e-01
2.458333379029999953e+06 3.994655205740507142e-01
2.458333379749999847e+06 3.822081423640923958e-01
2.458333380539999809e+06 3.775094998451020700e-01
2.458333381279999856e+06 3.880848155725331594e-01
2.458333381969999988e+06 4.175790204555660523e-01
2.458333382629999891e+06 3.538215648565401494e-01
2.458333383380000014e+06 4.316677394746761820e-01
2.458333384070000146e+06 4.279865297318963258e-01
2.458333384769999888e+06 3.799343278697122628e-01
2.458333385470000096e+06 4.079075205169182539e-01
2.458333386220000219e+06 4.267537493944324467e-01
2.458333386930000037e+06 3.857302848088277614e-01
2.458333387649999931e+06 3.926824336680247995e-01
2.458333388350000139e+06 4.182208574684231905e-01
2.458333389030000195e+06 4.009240027692726471e-01
2.458333389680000022e+06 4.017355444409442811e-01
2.458333390380000230e+06 3.275394828286906090e-01
2.458333391079999972e+06 3.753052788540074403e-01
2.458333391780000180e+06 3.800060859340916863e-01
2.458333392539999913e+06 3.695233173096212909e-01
2.458333393329999875e+06 3.073198190192325541e-01
2.458333394030000083e+06 3.640281911743610266e-01
2.458333394710000139e+06 4.109567256391422063e-01
2.458333395359999966e+06 3.659622794678085711e-01
2.458333396060000174e+06 3.621819955126177604e-01
2.458333396759999916e+06 3.859976552527353277e-01
2.458333397499999963e+06 3.654163340145988315e-01
2.458333398200000171e+06 4.027204957695929011e-01
2.458333398899999913e+06 3.605998395685503510e-01
2.458333399629999883e+06 3.360812221083868678e-01
2.458333400270000100e+06 3.893090020613758639e-01
2.458333401089999825e+06 3.970373628038394997e-01
2.458333401839999948e+06 3.807679018764922318e-01
2.458333402559999842e+06 3.544406524755689958e-01
2.458333403280000202e+06 3.683966716187399015e-01
2.458333403979999945e+06 3.488559514909574943e-01
2.458333404670000076e+06 3.614516626668713428e-01
2.458333405369999819e+06 3.987588170658256104e-01
2.458333406059999950e+06 3.552670926101768600e-01
2.458333406760000158e+06 3.611467636056620023e-01
2.458333407449999824e+06 4.021551879323723711e-01
2.458333408150000032e+06 4.132859638296384475e-01
2.458333408880000003e+06 4.019726863989543375e-01
2.458333409539999906e+06 3.669115860763625392e-01
2.458333410230000038e+06 3.805170503520116654e-01
2.458333410929999780e+06 3.923673573688724048e-01
2.458333411619999912e+06 3.457744934922253321e-01
2.458333412330000196e+06 3.852804608553448418e-01
2.458333413069999777e+06 4.155024886808327267e-01
2.458333413769999985e+06 3.645451413239477745e-01
2.458333414460000116e+06 3.843566584565749622e-01
2.458333415159999859e+06 4.081799236361867145e-01
2.458333415880000219e+06 3.615589947171677920e-01
2.458333416540000122e+06 3.693160492185310062e-01
2.458333417229999788e+06 3.396518993241368634e-01
2.458333417940000072e+06 3.825674615059568850e-01
2.458333418670000043e+06 3.700119910506742826e-01
2.458333419369999785e+06 3.780920026599083883e-01
2.458333420059999917e+06 4.211526627727675276e-01
2.458333420710000210e+06 3.791649076270857677e-01
2.458333421670000069e+06 3.402960462650792550e-01
2.458333422420000192e+06 3.683961779382727286e-01
2.458333423130000010e+06 3.513356826979254777e-01
2.458333423880000133e+06 3.426665309941245852e-01
2.458333424730000086e+06 3.588900276011361967e-01
2.458333425400000066e+06 3.677170631936572676e-01
2.458333426099999808e+06 3.190417867381789563e-01
2.458333426789999940e+06 3.903251664990534664e-01
2.458333427699999884e+06 3.625259124092519158e-01
2.458333428359999787e+06 3.604275254598636735e-01
2.458333429049999919e+06 3.414853458959310473e-01
2.458333429750000127e+06 2.956872677352695433e-01
2.458333430490000173e+06 3.556809106871341442e-01
2.458333431189999916e+06 2.955700966286407549e-01
2.458333431890000124e+06 3.408444920064717110e-01
2.458333432589999866e+06 3.065562197170539349e-01
2.458333433329999913e+06 3.161287917640152045e-01
2.458333434030000120e+06 3.456707603942597018e-01
2.458333434739999939e+06 3.419386705893057155e-01
2.458333435399999842e+06 2.893339159621888257e-01
2.458333436089999974e+06 3.457616512289725108e-01
2.458333436749999877e+06 2.935474897119654258e-01
2.458333437440000009e+06 3.189387089039161793e-01
2.458333438140000217e+06 3.423294795816431701e-01
2.458333438889999874e+06 2.954492546311122680e-01
2.458333439590000082e+06 2.683348874490221192e-01
2.458333440330000129e+06 3.264799772194173499e-01
2.458333441029999871e+06 2.924261613670449123e-01
2.458333441720000003e+06 3.562294095152509499e-01
2.458333442830000073e+06 3.065056808904813579e-01
2.458333443599999882e+06 3.276421459390448376e-01
2.458333444310000166e+06 3.423802510902529406e-01
2.458333445069999900e+06 3.594489554486219873e-01
2.458333445809999947e+06 3.134488906062600222e-01
2.458333446500000078e+06 3.219869173922376149e-01
2.458333447199999820e+06 3.210107907116555026e-01
2.458333447900000028e+06 3.768796142068708832e-01
2.458333448599999771e+06 4.203934560403546072e-01
2.458333449289999902e+06 3.210766687630659533e-01
2.458333449990000110e+06 3.185857375883394127e-01
2.458333450739999767e+06 3.274200961666213772e-01
2.458333451429999899e+06 3.027302009643211278e-01
2.458333452130000107e+06 3.661345660216603903e-01
2.458333452880000230e+06 3.636197615740108802e-01
2.458333453579999972e+06 3.287034337599692435e-01
2.458333454320000019e+06 3.271345191264760643e-01
2.458333455020000227e+06 3.536727535919546028e-01
2.458333455719999969e+06 3.225398273264055149e-01
2.458333456460000016e+06 4.059814796398022452e-01
2.458333457160000224e+06 3.300635038108836739e-01
2.458333457849999890e+06 3.146842730544356925e-01
2.458333458550000098e+06 3.729483282620300599e-01
2.458333459259999916e+06 3.752161219424561267e-01
2.458333459989999887e+06 3.983693012303337611e-01
2.458333460690000094e+06 2.152186428074642777e-01
2.458333461389999837e+06 3.804173779702431091e-01
2.458333462079999968e+06 3.525098501331456191e-01
2.458333462780000176e+06 3.529965619100980945e-01
2.458333463729999959e+06 3.085421788042985725e-01
2.458333464499999769e+06 2.757818045139295293e-01
2.458333465280000120e+06 3.120653890869782288e-01
2.458333466020000167e+06 2.951675049137421070e-01
2.458333466700000223e+06 3.309559151310619285e-01
2.458333467360000126e+06 3.151833826223988666e-01
2.458333468049999792e+06 3.489323461567082063e-01
2.458333468760000076e+06 3.319275578136569038e-01
2.458333469490000047e+06 3.258662342936204936e-01
2.458333470199999865e+06 2.349221733957325142e-01
2.458333470939999912e+06 3.029264745414508297e-01
2.458333471659999806e+06 2.922793800277112553e-01
2.458333472449999768e+06 2.767553829342848104e-01
2.458333473160000052e+06 2.474677194654848478e-01
2.458333473900000099e+06 2.354903863650079643e-01
2.458333474650000222e+06 2.583773684607564292e-01
2.458333475399999879e+06 2.252347398586174165e-01
2.458333476119999774e+06 2.641350712098251563e-01
2.458333476780000143e+06 2.451758559442787089e-01
2.458333477489999961e+06 2.370623460889689227e-01
2.458333478230000008e+06 2.546841413137403975e-01
2.458333478930000216e+06 2.670890275101776012e-01
2.458333479619999882e+06 2.368967545896030202e-01
2.458333480339999776e+06 2.728631881823098126e-01
2.458333481019999832e+06 2.328427474042342737e-01
2.458333481730000116e+06 2.322609929943713070e-01
2.458333482460000087e+06 2.670001926703573503e-01
2.458333483159999829e+06 2.754174792123844639e-01
2.458333483839999884e+06 2.916043495990887635e-01
2.458333484970000107e+06 2.968322113672829943e-01
2.458333485679999925e+06 2.223600014181048579e-01
2.458333486390000209e+06 1.784388056952810331e-01
2.458333487060000189e+06 3.200196012184974848e-01
2.458333487720000092e+06 2.854749466517354506e-01
2.458333488419999834e+06 2.570197110882972424e-01
2.458333489130000118e+06 2.076439890572459035e-01
2.458333489870000165e+06 2.380295100292997290e-01
2.458333490579999983e+06 2.474620059512542269e-01
2.458333491309999954e+06 2.847303545932753366e-01
2.458333492010000162e+06 2.054181849146612393e-01
2.458333492709999904e+06 1.956009609535058758e-01
2.458333493410000112e+06 2.004594819050353749e-01
2.458333494200000074e+06 2.848656602161767637e-01
2.458333494909999892e+06 2.797899963617673791e-01
2.458333495660000015e+06 2.085779904318787459e-01
2.458333496369999833e+06 3.267132209894718642e-01
2.458333497090000194e+06 2.400769605250996364e-01
2.458333497789999936e+06 2.622205891106670350e-01
2.458333498480000068e+06 2.955977667855016477e-01
2.458333499189999886e+06 2.611399818024953134e-01
2.458333499880000018e+06 2.496228757608189852e-01
2.458333500580000225e+06 2.051327665083846341e-01
2.458333501310000196e+06 2.417769073380160449e-01
2.458333501970000099e+06 2.548971786281661878e-01
2.458333502660000231e+06 1.986133682201298711e-01
2.458333503370000049e+06 2.552508143066773982e-01
2.458333504100000020e+06 2.322518853292194763e-01
2.458333504850000143e+06 2.341098910935635047e-01
2.458333505710000172e+06 1.590715164150520167e-01
2.458333506390000228e+06 2.094629665029046350e-01
2.458333507120000198e+06 1.659884994695488558e-01
2.458333507830000017e+06 2.371843249044989221e-01
2.458333508729999885e+06 1.030288171911895034e-01
2.458333509380000178e+06 1.415022367132934278e-01
2.458333510089999996e+06 1.879683473102069513e-01
2.458333510830000043e+06 1.645583293054198037e-01
2.458333511750000063e+06 1.540026914810290748e-01
2.458333512440000195e+06 1.482173175700562950e-01
2.458333513090000022e+06 1.489033969429751636e-01
2.458333513790000230e+06 1.854649270277537454e-01
2.458333514709999785e+06 1.979838572226864102e-01
2.458333515420000069e+06 2.021397630224353037e-01
2.458333516150000039e+06 1.795194681110547918e-01
2.458333516849999782e+06 1.833379306520779295e-01
2.458333517539999913e+06 2.561230611444678118e-01
2.458333518250000197e+06 1.360370783952227214e-01
2.458333518980000168e+06 1.869191974056807481e-01
2.458333519629999995e+06 1.914237539367267260e-01
2.458333520310000051e+06 1.038087158991487513e-01
2.458333520959999878e+06 1.775435707229426896e-01
2.458333521660000086e+06 1.424188701812987290e-01
2.458333522369999904e+06 1.859333117286112724e-01
2.458333523049999960e+06 1.764256657798171091e-01
2.458333523750000168e+06 1.588530733023052477e-01
2.458333524490000214e+06 1.361869053143944797e-01
2.458333525189999957e+06 1.452842084254228894e-01
2.458333526480000000e+06 5.294800891006090637e-02
2.458333527230000123e+06 1.100764948162940016e-01
2.458333527919999789e+06 1.301067059225218259e-01
2.458333528570000082e+06 9.898096063366068620e-02
2.458333529289999977e+06 1.093354537697983631e-01
2.458333530019999947e+06 5.034821763165275854e-02
2.458333530720000155e+06 1.322705659232070730e-01
2.458333531429999974e+06 9.814203688884504118e-02
2.458333532159999944e+06 1.712494481994948359e-01
2.458333532870000228e+06 9.940258437417170967e-02
2.458333533609999809e+06 1.957404798377844202e-01
2.458333534320000093e+06 1.195685309278449182e-01
2.458333535050000064e+06 1.081378596683890692e-01
2.458333535759999882e+06 1.856833635086463374e-01
2.458333536460000090e+06 1.181953389397634169e-01
2.458333537200000137e+06 1.128616501313963738e-01
2.458333537899999879e+06 1.236440326564487435e-01
2.458333538639999926e+06 1.151416290656417374e-01
2.458333539340000134e+06 1.609821088972154257e-01
2.458333540039999876e+06 1.501848828467391428e-01
2.458333540779999923e+06 1.336121193765507087e-01
2.458333541490000207e+06 1.108929061421815021e-01
2.458333542239999864e+06 9.052278252836565287e-02
2.458333542940000072e+06 1.887841298269989920e-01
2.458333543680000119e+06 1.630651787246275575e-01
2.458333544389999937e+06 1.379766089125649131e-01
2.458333545119999908e+06 1.958979856498324068e-01
2.458333545820000116e+06 1.691556087395387209e-01
2.458333546730000060e+06 2.024859986230218567e-01
2.458333547730000224e+06 1.344200394693224609e-01
2.458333548390000127e+06 1.206096498295572417e-01
2.458333549070000183e+06 1.871880226831645899e-01
2.458333549740000162e+06 1.706182417138712992e-01
2.458333550389999989e+06 1.203526524849767299e-01
2.458333551090000197e+06 1.168380427320201420e-01
2.458333551789999940e+06 1.973860288353179726e-01
2.458333552500000224e+06 1.625340097147898177e-01
2.458333553230000194e+06 1.157014409786896181e-01
2.458333553919999860e+06 8.890613895626309215e-02
2.458333554620000068e+06 1.456399097739637938e-01
2.458333555310000200e+06 2.314834197587316567e-01
2.458333556009999942e+06 1.435690379656069382e-01
2.458333556700000074e+06 1.621955453728638474e-01
2.458333557409999892e+06 1.851719521759598308e-01
2.458333558100000024e+06 1.625121880655342466e-01
2.458333558840000071e+06 1.936114844748306751e-01
2.458333559530000202e+06 2.107976587925168843e-01
2.458333560240000021e+06 1.457028232398727141e-01
2.458333560920000076e+06 1.334420348995557504e-01
2.458333561629999895e+06 1.149498737657026481e-01
2.458333562309999950e+06 1.197924802134675559e-01
2.458333563010000158e+06 1.394521458392716795e-01
2.458333563709999900e+06 9.140124655688453004e-02
2.458333564410000108e+06 1.199284589521383282e-01
2.458333565099999774e+06 2.346489683074715060e-01
2.458333565799999982e+06 1.240780950011846073e-01
2.458333566529999953e+06 1.864041403929590501e-01
2.458333568340000231e+06 2.080403809560049666e-01
2.458333569180000108e+06 2.861663002435079761e-01
2.458333569980000146e+06 2.626146178543606879e-01
2.458333570720000193e+06 1.603938324402616189e-01
2.458333571409999859e+06 2.453833699758440900e-01
2.458333572099999990e+06 2.958410683669576713e-01
2.458333572790000122e+06 1.363577950098608937e-01
2.458333574120000005e+06 1.863032908932478193e-01
2.458333574769999832e+06 1.521979696270907567e-01
2.458333575470000040e+06 1.878828739645825863e-01
2.458333576220000163e+06 2.835925827224148321e-01
2.458333576909999829e+06 3.335230465594012372e-01
2.458333577620000113e+06 2.035123941443277573e-01
2.458333578360000160e+06 2.079562138831523299e-01
2.458333579069999978e+06 2.105712320534429693e-01
2.458333579799999949e+06 1.789942710473706455e-01
2.458333580510000233e+06 2.471366008590365482e-01
2.458333581209999975e+06 2.587618533423547973e-01
2.458333581939999945e+06 2.923098747325703073e-01
2.458333582630000077e+06 3.010390343524900203e-01
2.458333583279999904e+06 3.494094883706289068e-01
2.458333583970000036e+06 3.134900937083848760e-01
2.458333584679999854e+06 2.551027726875680912e-01
2.458333585419999901e+06 2.796873824031074207e-01
2.458333586120000109e+06 2.462800699999725396e-01
2.458333586870000232e+06 2.787257658216475420e-01
2.458333587569999974e+06 3.466870771477381652e-01
2.458333588659999892e+06 3.285086625349293854e-01
2.458333589740000200e+06 2.693454174677860635e-01
2.458333590439999942e+06 3.291120788091568272e-01
2.458333591109999921e+06 3.368987383113530854e-01
2.458333592470000032e+06 3.244216735136511431e-01
2.458333593200000003e+06 2.710323346773773068e-01
2.458333594529999886e+06 2.982022332192624248e-01
2.458333597449999768e+06 2.131748284448242714e-01
2.458333598189999815e+06 3.560523755973257209e-01
2.458333599100000225e+06 3.579386409900067179e-01
2.458333602059999947e+06 2.734165123093408312e-01
2.458333602750000078e+06 2.695759139996383169e-01
2.458333603389999829e+06 3.180335156719955592e-01
2.458333604780000169e+06 3.008154201639978709e-01
2.458333605429999996e+06 3.086383432220465295e-01
2.458333608270000201e+06 4.105981056389822470e-01
2.458333612939999904e+06 2.141415112987701264e-01
2.458333613650000188e+06 2.533418325976768415e-01
2.458333615799999796e+06 3.267924355731608443e-01
2.458333616539999843e+06 2.309508351202147480e-01
2.458333617990000173e+06 2.246198953931752840e-01
2.458333618699999992e+06 1.939688232584284577e-01
2.458333619419999886e+06 1.420685980975235907e-01
2.458333620870000217e+06 1.690584904923735365e-01
2.458333625159999821e+06 2.912151158907629878e-01
2.458333625870000105e+06 3.524383406614219894e-01
2.458333632739999797e+06 2.436838541626542565e-01
2.458333633460000157e+06 2.537632213858778130e-01
2.458334378339999821e+06 2.777561024390884370e-01
2.458334379040000029e+06 2.711923403774569863e-01
2.458334379780000076e+06 3.164929640868887617e-01
2.458334380489999894e+06 3.107745766027321110e-01
2.458334381180000026e+06 2.740586992939526567e-01
2.458334381889999844e+06 2.501273531184278198e-01
2.458334382550000213e+06 2.815349883641449225e-01
2.458334383299999870e+06 2.800799582100044205e-01
2.458334383990000002e+06 2.438158022443435158e-01
2.458334384690000210e+06 2.740053363710313050e-01
2.458334385389999952e+06 2.549543443245188001e-01
2.458334386129999999e+06 2.122958105209118429e-01
2.458334386830000207e+06 3.085384737980305658e-01
2.458334387540000025e+06 2.691429956670532420e-01
2.458334388220000081e+06 2.458086129395269381e-01
2.458334388929999899e+06 2.322808340851096887e-01
2.458334389659999870e+06 2.875363240393724595e-01
2.458334390370000154e+06 2.263184295389670808e-01
2.458334391110000201e+06 2.462011157297929742e-01
2.458334391830000095e+06 2.819413180114640483e-01
2.458334392500000075e+06 2.792682840908380371e-01
2.458334393199999817e+06 3.271491054965238732e-01
2.458334393900000025e+06 2.660112751789860397e-01
2.458334394700000063e+06 2.861446673937066976e-01
2.458334395390000194e+06 3.068710781574495172e-01
2.458334396089999937e+06 3.088975937750451095e-01
2.458334396769999992e+06 2.892234293354203345e-01
2.458334397479999810e+06 2.932190416993094573e-01
2.458334398169999942e+06 2.782185606685558810e-01
2.458334398880000226e+06 3.467319428205719589e-01
2.458334399610000197e+06 2.929868875136065753e-01
2.458334400320000015e+06 2.832490911524239152e-01
2.458334401490000077e+06 3.024206011736350064e-01
2.458334402240000200e+06 3.177181919994769288e-01
2.458334402939999942e+06 3.349309161420865877e-01
2.458334403619999997e+06 3.173742516455799745e-01
2.458334404320000205e+06 3.166605460836624530e-01
2.458334405030000024e+06 3.114530700887190307e-01
2.458334405730000231e+06 3.445863388526095861e-01
2.458334406469999813e+06 3.202933992374923378e-01
2.458334407149999868e+06 2.808125861637762455e-01
2.458334407809999771e+06 3.380818120442530272e-01
2.458334408499999903e+06 3.225893578287468699e-01
2.458334409210000187e+06 3.030931797466269728e-01
2.458334409940000158e+06 3.240385550447779650e-01
2.458334410639999900e+06 3.124561162350723009e-01
2.458334411330000032e+06 3.141692052429903015e-01
2.458334412029999774e+06 2.606433825727840770e-01
2.458334412789999973e+06 3.481047803798684726e-01
2.458334413480000105e+06 3.382215780847452891e-01
2.458334414189999923e+06 3.425187179270920979e-01
2.458334414919999894e+06 2.998817719569011331e-01
2.458334415610000025e+06 2.759110188117368523e-01
2.458334416309999768e+06 3.118168832620060726e-01
2.458334416999999899e+06 2.578283742222104991e-01
2.458334417700000107e+06 3.034648789549017067e-01
2.458334418399999849e+06 3.100115389055009274e-01
2.458334419100000057e+06 2.737535997913305152e-01
2.458334419790000189e+06 3.212563069854876829e-01
2.458334420500000007e+06 2.843059236598897144e-01
2.458334421289999969e+06 2.899441954099408747e-01
2.458334422319999896e+06 3.247451935587584160e-01
2.458334423249999993e+06 3.450679500132309840e-01
2.458334424010000192e+06 2.771117661770716722e-01
2.458334424749999773e+06 2.480803778672360238e-01
2.458334425449999981e+06 2.953119544259443785e-01
2.458334426150000188e+06 2.667351017923031975e-01
2.458334426899999846e+06 2.765781895810999202e-01
2.458334427589999977e+06 2.998734680247672202e-01
2.458334428299999796e+06 2.732014445959336513e-01
2.458334429020000156e+06 2.507372880655758252e-01
2.458334429669999983e+06 2.767329355535093072e-01
2.458334430360000115e+06 2.717928663985080817e-01
2.458334431049999781e+06 2.799428856330958837e-01
2.458334431739999913e+06 2.538006625575590647e-01
2.458334432390000205e+06 3.037514279760884506e-01
2.458334433089999948e+06 2.169061052621508168e-01
2.458334433800000232e+06 2.079370920613126117e-01
2.458334434530000202e+06 2.304435501837858169e-01
2.458334435229999945e+06 2.171280120342942155e-01
2.458334435920000076e+06 2.356534979829074672e-01
2.458334436629999895e+06 2.565088445958281227e-01
2.458334437369999941e+06 2.479746325042277988e-01
2.458334438070000149e+06 3.386761528008914723e-01
2.458334438769999892e+06 3.099566911203286423e-01
2.458334439509999938e+06 2.826798930134888366e-01
2.458334440189999994e+06 2.917056008183731564e-01
2.458334440839999821e+06 2.810276033610747959e-01
2.458334441519999877e+06 2.553385449669534069e-01
2.458334442220000084e+06 2.443473100688606792e-01
2.458334443299999926e+06 2.758480860262846335e-01
2.458334444060000125e+06 2.755908530637292131e-01
2.458334444809999783e+06 2.586571685147465161e-01
2.458334445600000210e+06 2.374918060809569909e-01
2.458334446289999876e+06 2.445154491412466768e-01
2.458334446940000169e+06 2.674818896267403545e-01
2.458334447639999911e+06 2.763993629054901646e-01
2.458334448340000119e+06 2.441495398695163743e-01
2.458334449029999785e+06 2.924749216923121509e-01
2.458334449729999993e+06 2.807107811355038507e-01
2.458334450420000125e+06 3.057523806702366898e-01
2.458334451119999867e+06 3.050515583521864471e-01
2.458334451799999923e+06 2.741099254096752702e-01
2.458334452500000130e+06 2.764150455884859525e-01
2.458334453199999873e+06 2.983114945962572762e-01
2.458334453910000157e+06 2.876647224648962720e-01
2.458334454630000051e+06 3.070167031812456315e-01
2.458334455339999869e+06 2.402960581190214384e-01
2.458334456030000001e+06 2.248222476488663801e-01
2.458334456730000209e+06 2.587701364633208101e-01
2.458334457419999875e+06 2.834135094642427077e-01
2.458334458120000083e+06 2.821633832482355331e-01
2.458334459030000027e+06 2.761331794149253227e-01
2.458334459679999854e+06 2.890841423458265780e-01
2.458334460380000062e+06 3.071501240194631777e-01
2.458334461089999881e+06 2.184658588853984895e-01
2.458334461939999834e+06 2.478106005851081761e-01
2.458334462629999965e+06 2.727939850977314507e-01
2.458334463769999798e+06 2.283473200125598623e-01
2.458334464499999769e+06 2.311127694537287169e-01
2.458334465450000018e+06 2.347309109200157451e-01
2.458334466119999997e+06 2.515698390361720271e-01
2.458334466810000129e+06 2.044775401071916576e-01
2.458334467459999956e+06 2.482532567666382306e-01
2.458334468150000088e+06 2.486891968910036610e-01
2.458334468859999906e+06 2.092746152180176011e-01
2.458334469610000029e+06 2.214690917151962424e-01
2.458334470309999771e+06 2.515472887609409014e-01
2.458334471109999809e+06 2.252540057652687722e-01
2.458334471810000017e+06 2.061536510293073832e-01
2.458334472510000225e+06 1.846197901138992847e-01
2.458334473249999806e+06 2.477248510630243317e-01
2.458334473939999938e+06 2.581689598035161737e-01
2.458334474640000146e+06 2.776105436424955997e-01
2.458334475339999888e+06 2.969382922676881975e-01
2.458334476090000011e+06 2.930483719967291734e-01
2.458334476780000143e+06 2.139031185426336634e-01
2.458334477479999885e+06 2.300201403785617771e-01
2.458334478180000093e+06 2.327954371897362762e-01
2.458334478920000140e+06 2.667782309035047206e-01
2.458334479609999806e+06 2.568102160734255790e-01
2.458334480310000014e+06 2.303488998195533100e-01
2.458334481010000221e+06 2.663536078952493114e-01
2.458334481720000040e+06 2.663309169950149879e-01
2.458334482400000095e+06 2.547001099033252558e-01
2.458334483090000227e+06 2.807162953727093679e-01
2.458334483789999969e+06 2.430277296941163456e-01
2.458334484800000209e+06 2.426106635335703032e-01
2.458334485539999790e+06 3.156026542835839166e-01
2.458334486279999837e+06 2.414928236867517342e-01
2.458334486980000045e+06 3.702785869177862565e-01
2.458334487720000092e+06 3.910002370774172675e-01
2.458334488419999834e+06 2.901576378872192663e-01
2.458334489130000118e+06 3.678264103144375241e-01
2.458334489930000156e+06 2.597239815607039759e-01
2.458334490619999822e+06 2.206917988512255846e-01
2.458334491330000106e+06 2.158981471279961539e-01
2.458334492070000153e+06 4.557033952156928081e-01
2.458334492759999819e+06 2.014714607910335076e-01
2.458334493470000103e+06 1.948541028248058637e-01
2.458334494220000226e+06 3.941064760683143930e-01
2.458334494919999968e+06 2.039923620543717675e-01
2.458334495649999939e+06 2.426214858523518814e-01
2.458334496350000147e+06 2.708619111404075852e-01
2.458334497049999889e+06 4.012624221217286902e-01
2.458334497750000097e+06 2.099630299678878487e-01
2.458334498449999839e+06 3.615121174679334359e-01
2.458334499179999810e+06 1.927812811653151215e-01
2.458334499880000018e+06 1.927115633925957638e-01
2.458334500580000225e+06 2.516493735922136210e-01
2.458334501259999815e+06 2.354556047499549720e-01
2.458334501910000108e+06 2.085641121525281250e-01
2.458334502609999850e+06 2.552145014571909343e-01
2.458334503370000049e+06 3.149461036983840501e-01
2.458334504050000105e+06 2.547407106569909985e-01
2.458334504800000228e+06 1.883059290616788672e-01
2.458334505859999917e+06 1.716150859725722455e-01
2.458334506680000108e+06 2.415037147205829626e-01
2.458334507439999841e+06 2.924240450728454732e-01
2.458334508129999973e+06 2.429294798886338924e-01
2.458334508839999791e+06 2.631659649633313336e-01
2.458334509579999838e+06 3.244805558104424392e-01
2.458334510259999894e+06 3.045775731953170862e-01
2.458334510910000186e+06 2.133765226909858370e-01
2.458334511589999776e+06 2.626500409969914074e-01
2.458334512240000069e+06 1.325533715531097556e-01
2.458334512930000201e+06 2.616201453420679002e-01
2.458334513640000019e+06 2.226457836805799673e-01
2.458334514380000066e+06 1.700887053905368873e-01
2.458334515079999808e+06 1.560417035463181890e-01
2.458334515769999940e+06 2.045219149702450778e-01
2.458334516470000148e+06 1.833778386754296719e-01
2.458334517159999814e+06 2.331353597364156371e-01
2.458334517870000098e+06 2.250720997218174091e-01
2.458334518610000145e+06 2.637530254088709114e-01
2.458334519299999811e+06 1.804572221179228109e-01
2.458334519989999942e+06 1.631861579808546736e-01
2.458334520700000226e+06 2.066454120642902126e-01
2.458334521439999808e+06 1.832233482725946772e-01
2.458334522160000168e+06 1.830392694054445712e-01
2.458334522890000138e+06 2.889464639031711357e-01
2.458334523599999957e+06 2.488222623326912242e-01
2.458334524340000004e+06 3.499941760894085263e-01
2.458334525040000211e+06 2.655922622732855842e-01
2.458334525880000088e+06 1.902626031115861593e-01
2.458334526999999769e+06 2.758535511198587642e-01
2.458334527790000197e+06 1.901408257732875029e-01
2.458334528450000100e+06 2.382196268991254584e-01
2.458334529190000147e+06 3.530070716905360229e-01
2.458334529899999965e+06 2.747289297503900940e-01
2.458334530650000088e+06 4.331704784241487971e-01
2.458334531349999830e+06 3.611851354592534591e-01
2.458334532149999868e+06 3.328172609945507787e-01
2.458334532850000076e+06 2.962196380992399014e-01
2.458334533590000123e+06 3.062076962250781520e-01
2.458334534289999865e+06 3.682067191730702405e-01
2.458334534979999997e+06 3.006843839957777931e-01
2.458334535689999815e+06 4.178736625218757439e-01
2.458334536429999862e+06 3.186169323800154274e-01
2.458334537130000070e+06 4.036067705372250458e-01
2.458334537829999812e+06 4.222122165278143768e-01
2.458334538569999859e+06 3.621918160699060252e-01
2.458334539259999990e+06 3.614784787907865393e-01
2.458334539969999809e+06 4.603804292535222942e-01
2.458334540709999856e+06 3.805505012972592027e-01
2.458334541410000063e+06 2.979119275652664101e-01
2.458334542100000195e+06 3.620922229342351528e-01
2.458334542789999861e+06 3.805312161333809229e-01
2.458334543490000069e+06 3.508972190065851038e-01
2.458334544189999811e+06 3.973025455736465261e-01
2.458334544879999943e+06 4.161903212800321938e-01
2.458334545590000227e+06 3.868980770449113038e-01
2.458334546540000010e+06 3.595555182627521162e-01
2.458334547780000139e+06 4.008480970974268587e-01
2.458334548529999796e+06 4.026309111051276091e-01
2.458334549209999852e+06 4.189589797951960293e-01
2.458334550129999872e+06 3.139127769253402533e-01
2.458334550789999776e+06 3.024001510753215882e-01
2.458334551500000060e+06 2.874749945935040074e-01
2.458334552230000030e+06 3.086894834487310391e-01
2.458334553150000051e+06 3.531544102437429444e-01
2.458334553849999793e+06 3.061758259347513444e-01
2.458334554529999848e+06 3.220881094021699198e-01
2.458334555190000217e+06 2.643351476285129564e-01
2.458334555889999960e+06 2.536224459761076133e-01
2.458334556590000167e+06 3.096717403938598068e-01
2.458334557330000214e+06 2.658254922728531255e-01
2.458334558029999956e+06 2.952534464786431556e-01
2.458334558720000088e+06 2.653865731125755190e-01
2.458334559429999907e+06 2.835093532080676937e-01
2.458334560159999877e+06 2.379299203465858881e-01
2.458334560860000085e+06 2.801690762521698019e-01
2.458334561559999827e+06 2.501318382349619895e-01
2.458334562260000035e+06 3.116996393785473884e-01
2.458334563010000158e+06 3.424462603963291940e-01
2.458334563699999824e+06 3.087528409841091559e-01
2.458334564420000184e+06 2.767586672444952711e-01
2.458334565080000088e+06 2.918375574129186134e-01
2.458334565770000219e+06 3.210501275851829206e-01
2.458334566480000038e+06 2.738471052329352062e-01
2.458334567220000084e+06 2.989486464303077184e-01
2.458334568369999994e+06 3.248924664982375532e-01
2.458334569099999964e+06 3.374653241526974767e-01
2.458334569949999917e+06 2.737077827977962841e-01
2.458334570650000125e+06 3.198286672913397410e-01
2.458334571349999867e+06 2.516608182228452506e-01
2.458334572039999999e+06 3.167214473914672368e-01
2.458334572740000207e+06 2.711580941294684521e-01
2.458334573429999873e+06 2.652638100495998685e-01
2.458334574140000157e+06 2.683865847699991036e-01
2.458334574880000204e+06 2.702666953797603355e-01
2.458334575579999946e+06 3.287732357697858987e-01
2.458334576330000069e+06 1.750685711364585728e-01
2.458334577029999811e+06 2.801664407441268878e-01
2.458334577699999791e+06 1.678612288235914463e-01
2.458334578410000075e+06 2.232571435416499384e-01
2.458334579109999817e+06 1.428189521245943894e-01
2.458334579810000025e+06 2.756648551707918671e-01
2.458334580560000148e+06 2.473554454512267853e-01
2.458334581259999890e+06 2.310376096864068529e-01
2.458334581960000098e+06 2.568023784012805066e-01
2.458334582679999992e+06 2.693018841233119076e-01
2.458334583380000200e+06 1.962522269636419736e-01
2.458334584030000027e+06 2.186405024009765441e-01
2.458334584720000159e+06 2.557578883095921185e-01
2.458334585419999901e+06 2.399329101516496365e-01
2.458334586139999796e+06 2.758526071888329767e-01
2.458334586790000089e+06 2.318381830132025812e-01
2.458334587489999831e+06 1.975986818856458882e-01
2.458334588239999954e+06 2.553534134211687956e-01
2.458334592129999772e+06 1.514913953001162383e-01
2.458334594899999909e+06 3.229935131303172113e-01
2.458334595600000117e+06 3.182043549259692128e-01
2.458334596299999859e+06 3.675082389360717627e-01
2.458334597000000067e+06 3.239781540786541569e-01
2.458334597690000199e+06 2.994732790579170967e-01
2.458334598420000169e+06 2.941588720683405711e-01
2.458334599069999997e+06 2.790195547474905169e-01
2.458334599770000204e+06 2.995243802462912441e-01
2.458334600459999871e+06 2.522818202339358606e-01
2.458334601170000155e+06 2.919350753220406602e-01
2.458334601910000201e+06 2.667611572815680177e-01
2.458334602620000020e+06 2.614456386923684761e-01
2.458334603420000058e+06 2.116357336968750502e-01
2.458334604110000189e+06 2.180160613450912166e-01
2.458334604799999855e+06 2.819578130306901187e-01
2.458334605500000063e+06 2.689236755289847736e-01
2.458334606199999806e+06 2.676993972435788294e-01
2.458334606949999928e+06 2.888838488544465122e-01
2.458334607650000136e+06 2.847074437167425032e-01
2.458334608349999879e+06 2.996160948008501634e-01
2.458334609209999908e+06 2.482992692717758132e-01
2.458334609980000183e+06 2.519567446842660985e-01
2.458334610640000086e+06 2.492815264876142578e-01
2.458334611339999828e+06 2.330897900614345986e-01
2.458334612089999951e+06 2.743420409371690738e-01
2.458334612790000159e+06 2.365084520547640068e-01
2.458334613479999825e+06 2.549819266935138273e-01
2.458334614219999872e+06 3.548017132563288101e-01
2.458334614899999928e+06 2.582900821037945605e-01
2.458334615559999831e+06 2.125944569151432262e-01
2.458334616249999963e+06 3.000042596987917420e-01
2.458334616959999781e+06 3.080263700354777257e-01
2.458334617709999904e+06 2.653964187588258028e-01
2.458334618420000188e+06 3.052581400083571594e-01
2.458334619150000159e+06 3.036660072109960140e-01
2.458334619849999901e+06 3.141833734095769159e-01
2.458334620569999795e+06 2.934936310412190608e-01
2.458334621239999775e+06 3.817204957459363612e-01
2.458334621929999907e+06 2.856179712158386508e-01
2.458334622640000191e+06 2.683983152135169803e-01
2.458334623370000161e+06 2.637624249172976221e-01
2.458334624069999903e+06 2.945630013170301709e-01
2.458334624770000111e+06 2.997851793934565023e-01
2.458334625469999854e+06 3.292655035613218928e-01
2.458334626190000214e+06 2.930060996588412792e-01
2.458334626840000041e+06 3.616454725066446940e-01
2.458334627530000173e+06 3.104969982149210495e-01
2.458334628180000000e+06 3.102917933127695704e-01
2.458334628880000208e+06 3.348909504163799511e-01
2.458334629590000026e+06 3.291484292211350748e-01
2.458334630530000199e+06 3.253475685332531953e-01
2.458334631289999932e+06 2.729741466576065534e-01
2.458334631959999911e+06 2.589148160197911608e-01
2.458334632619999815e+06 2.237203996498688952e-01
2.458334633359999862e+06 3.299848005896564018e-01
2.458334634070000146e+06 3.154615080321754306e-01
2.458334634759999812e+06 3.213350615293677492e-01
2.458334635460000020e+06 3.828461948525703207e-01
2.458334636210000142e+06 3.619378559588124489e-01
2.458334636909999885e+06 3.515962454736492049e-01
2.458334637819999829e+06 3.427334241656669889e-01
2.458335329090000130e+06 2.145208683496484525e-01
2.458335329799999949e+06 1.422179634880791355e-01
2.458335331240000203e+06 2.101721040008790453e-01
2.458335331939999945e+06 1.993185673993966844e-01
2.458335340739999898e+06 3.895255871218488153e-01
2.458335341380000114e+06 3.699722390158584062e-01
2.458335342069999781e+06 3.388774843686697125e-01
2.458335342720000073e+06 3.661125809615288773e-01
2.458335343410000205e+06 3.111946782415113688e-01
2.458335344109999947e+06 3.199277415498151811e-01
2.458335344790000003e+06 3.080136910926523086e-01
2.458335346849999856e+06 3.135568452435606446e-01
2.458335347589999903e+06 3.015707906938001059e-01
2.458335348979999777e+06 3.398986675288071524e-01
2.458335349669999909e+06 2.510355017933285637e-01
2.458335352510000113e+06 3.213781698732791625e-01
2.458335353199999779e+06 3.579549364000396139e-01
2.458335353910000063e+06 3.297448750179228227e-01
2.458335354650000110e+06 3.415451453537912130e-01
2.458335355349999852e+06 3.109489307760888721e-01
2.458335356790000107e+06 3.244312672584594992e-01
2.458335357489999849e+06 2.022185466807915333e-01
2.458335358190000057e+06 3.817910538838376056e-01
2.458335358949999791e+06 3.277877806954911932e-01
2.458335360369999893e+06 2.564266715501659633e-01
2.458335361080000177e+06 2.867010264894709337e-01
2.458335361769999843e+06 2.940706536631552126e-01
2.458335362509999890e+06 2.099200605037161438e-01
2.458335363220000174e+06 1.694078465112465182e-01
2.458335363909999840e+06 3.434927722093075175e-01
2.458335364630000200e+06 2.294685704092493950e-01
2.458335365999999922e+06 2.200174073493812443e-01
2.458335366729999892e+06 1.784932984192906247e-01
2.458335367380000185e+06 2.029536397616382715e-01
2.458335368079999927e+06 2.479978194047145479e-01
2.458335368770000059e+06 1.639786387225807829e-01
2.458335369479999878e+06 2.027917150889919640e-01
2.458335370219999924e+06 1.687229467526130122e-01
2.458335370910000056e+06 2.232293264497364760e-01
2.458335373740000185e+06 2.791489460684299928e-01
2.458335375140000135e+06 3.006848470813299201e-01
2.458335375839999877e+06 3.259327603064008372e-01
2.458335376579999924e+06 1.843638231149338225e-01
2.458335377969999798e+06 2.137154300290902142e-01
2.458335378670000006e+06 2.258781100171507461e-01
2.458335379379999824e+06 1.887505684296773012e-01
2.458335380350000225e+06 3.399458149494147818e-01
2.458335381920000073e+06 1.746184571506486094e-01
2.458335382629999891e+06 1.537010615238241229e-01
2.458335383299999870e+06 1.777013656883639214e-01
2.458335384010000154e+06 1.997078613744811548e-01
2.458335385449999943e+06 1.803907675357780960e-01
2.458335386150000151e+06 1.603709847422862822e-01
2.458335387589999940e+06 2.754958951731651950e-01
2.458335388970000204e+06 2.117073971136456123e-01
2.458335389680000022e+06 1.512048754136916529e-01
2.458335391110000201e+06 2.120644921232361924e-01
2.458335394640000071e+06 2.189517564664953397e-01
2.458335395289999899e+06 2.175563727444504991e-01
2.458335395980000030e+06 2.305111992212438565e-01
2.458335397429999895e+06 3.168737639866652245e-01
2.458335399519999977e+06 1.589622409828947980e-01
2.458335401970000006e+06 2.789799598061240005e-01
2.458335403380000032e+06 2.602663792976578350e-01
2.458335404790000059e+06 3.437047273291931049e-01
2.458335406229999848e+06 3.698078090019478736e-01
2.458335406930000056e+06 4.351919825991306112e-01
2.458335407629999798e+06 3.713253790319601677e-01
2.458335409059999976e+06 3.608801507625614136e-01
2.458335411789999809e+06 3.257973404298972753e-01
2.458335412490000017e+06 4.026581096913552926e-01
2.458335413929999806e+06 4.348357481825768645e-01
2.458335414619999938e+06 2.573212922713832285e-01
2.458335415320000146e+06 3.237291888009803387e-01
2.458335416060000192e+06 3.092294511661428658e-01
2.458335416759999935e+06 3.386585881959476296e-01
2.458335417450000066e+06 3.091797075430129382e-01
2.458335418149999809e+06 3.497720354900710760e-01
2.458335418839999940e+06 3.098670995231014302e-01
2.458335419530000072e+06 2.140710915869661335e-01
2.458335421099999920e+06 3.505631583045563104e-01
2.458335422050000168e+06 3.506802055270323848e-01
2.458335423669999931e+06 2.963010701221957532e-01
2.458335426620000042e+06 2.821313450817051205e-01
2.458335427279999945e+06 2.875069209629614875e-01
2.458335427970000077e+06 2.984480098793511615e-01
2.458335428669999819e+06 1.989191098722464801e-01
2.458335429359999951e+06 2.124157761502978303e-01
2.458335430069999769e+06 3.966871214503004950e-01
2.458335430809999816e+06 3.301193992406794564e-01
2.458335431510000024e+06 2.866353716341798474e-01
2.458335432200000156e+06 2.797978603978403811e-01
2.458335433650000021e+06 2.950928226217897077e-01
2.458335434340000153e+06 3.281562150079864182e-01
2.458335435039999895e+06 2.855507611602323692e-01
2.458335435740000103e+06 2.226011608713776013e-01
2.458335437119999900e+06 3.790653845992508764e-01
2.458335437820000108e+06 3.139433882432669520e-01
2.458335438570000231e+06 2.951361428234733353e-01
2.458335439259999897e+06 3.534949525046684471e-01
2.458335439960000105e+06 2.425588315728148814e-01
2.458335440649999771e+06 2.917606074377516734e-01
2.458335441339999903e+06 1.758733287828633252e-01
2.458335442030000035e+06 2.085540802909910951e-01
2.458335443200000096e+06 2.077295940254444417e-01
2.458335443959999830e+06 2.299283221043069148e-01
2.458335444689999800e+06 2.884679247292201154e-01
2.458335445400000084e+06 2.708852387230500369e-01
2.458335446190000046e+06 2.644246210299883160e-01
2.458335446889999788e+06 2.566598259700487716e-01
2.458335447589999996e+06 1.499525358363307248e-01
2.458335448290000204e+06 2.808003366471325535e-01
2.458335449029999785e+06 1.784432646859244187e-01
2.458335449709999841e+06 2.645421609613940461e-01
2.458335450420000125e+06 2.413247936601159438e-01
2.458335451109999791e+06 3.531293287084622534e-01
2.458335453199999873e+06 2.781339866822456486e-01
2.458335453890000004e+06 2.704484380003453481e-01
2.458335454590000212e+06 2.989652701576979155e-01
2.458335456720000133e+06 3.600435418580083535e-01
2.458335457419999875e+06 3.636030671464904884e-01
2.458335458819999825e+06 2.861563397507431716e-01
2.458335459559999872e+06 2.769605329514703840e-01
2.458335460250000004e+06 3.240474951280294391e-01
2.458335460959999822e+06 2.755596677068563594e-01
2.458335463159999810e+06 2.849293710421356707e-01
2.458335464019999839e+06 2.320567840207186094e-01
2.458335465400000103e+06 2.202283048960858025e-01
2.458335466060000006e+06 1.143221936899632141e-01
2.458335467459999956e+06 2.448708977167513012e-01
2.458335468200000003e+06 3.138270747205780253e-01
2.458335468900000211e+06 1.596371693313560769e-01
2.458335469610000029e+06 1.636155415852762474e-01
2.458335470340000000e+06 1.593722867791491637e-01
2.458335471030000132e+06 1.850645651966154048e-01
2.458335471729999874e+06 2.348927047318323247e-01
2.458335472420000006e+06 3.131104196966152386e-01
2.458335480539999902e+06 2.883125927716019277e-01
2.458335481250000186e+06 2.758081246958496990e-01
2.458335481960000005e+06 2.741461502513988790e-01
2.458335482609999832e+06 2.914096463632738221e-01
2.458335483310000040e+06 2.955291705728182450e-01
2.458335484130000230e+06 2.913435672229560680e-01
2.458335484939999878e+06 3.243913454194551349e-01
2.458335485690000001e+06 2.562333261757849812e-01
2.458335486440000124e+06 2.921592553957204075e-01
2.458335487139999866e+06 3.738518391969805066e-01
2.458335487819999922e+06 3.213373775810346444e-01
2.458335488520000130e+06 3.109254837140440486e-01
2.458335489209999796e+06 2.394698601149034545e-01
2.458335489860000089e+06 3.731772972476061767e-01
2.458335491260000039e+06 2.424426847259972817e-01
2.458335491990000010e+06 3.536072678055734997e-01
2.458335492639999837e+06 3.176598902139069480e-01
2.458335494020000100e+06 2.554483264901072914e-01
2.458335507590000052e+06 2.646706728704391054e-01
2.458336330010000151e+06 3.134536765800906011e-01
2.458336330690000206e+06 4.203367232409149779e-01
2.458336331379999872e+06 3.356986910582886452e-01
2.458336332090000156e+06 3.862410796236765975e-01
2.458336332830000203e+06 3.119605405210510440e-01
2.458336333529999945e+06 3.926620292435138992e-01
2.458336334269999992e+06 3.251647330575018202e-01
2.458336334979999810e+06 3.882050258446696489e-01
2.458336335719999857e+06 3.072564727114794891e-01
2.458336336430000141e+06 3.097612675514085367e-01
2.458336337160000112e+06 2.735670320565297686e-01
2.458336337859999854e+06 3.727561083583665891e-01
2.458336338760000188e+06 3.309581370359691022e-01
2.458336341669999994e+06 2.907154266567317791e-01
2.458336344579999801e+06 2.389694151834120817e-01
2.458336345280000009e+06 2.957462532686481183e-01
2.458336346020000055e+06 2.742540526719974281e-01
2.458336346710000187e+06 2.619954690265817732e-01
2.458336347399999853e+06 2.513161925411058206e-01
2.458336348050000146e+06 2.860560722387095467e-01
2.458336348749999888e+06 2.836227340442771805e-01
2.458336349450000096e+06 2.492269731592600124e-01
2.458336350190000143e+06 2.483835252149404482e-01
2.458336350889999885e+06 2.009609199197353036e-01
2.458336351580000017e+06 2.105077918635700485e-01
2.458336352270000149e+06 1.923199269297803937e-01
2.458336352969999891e+06 2.564264063904584390e-01
2.458336353670000099e+06 2.687823071806292319e-01
2.458336354410000145e+06 2.818368708705065728e-01
2.458336355109999888e+06 1.524559421576849871e-01
2.458336355800000019e+06 1.879399434715480766e-01
2.458336356509999838e+06 3.047442188823232812e-01
2.458336357210000046e+06 2.605687609989306708e-01
2.458336357940000016e+06 2.215787654520902095e-01
2.458336358630000148e+06 2.827798743354321687e-01
2.458336359379999805e+06 2.587744479381157703e-01
2.458336360030000098e+06 2.758064908695647688e-01
2.458336360760000069e+06 2.477715006602743131e-01
2.458336361519999802e+06 2.643433594755748572e-01
2.458336362209999934e+06 2.784054715419621573e-01
2.458336362910000142e+06 2.327507275987610313e-01
2.458336363549999893e+06 2.194745618756925865e-01
2.458336364240000024e+06 2.362650510727561937e-01
2.458336364889999852e+06 3.392589020193117477e-01
2.458336365579999983e+06 2.085026267318053073e-01
2.458336366299999878e+06 2.679594150170352407e-01
2.458336367019999772e+06 2.493519015786294091e-01
2.458336367670000065e+06 1.925290928600826845e-01
2.458336368360000197e+06 2.493591015632876662e-01
2.458336369080000091e+06 2.537458272057193653e-01
2.458336369750000071e+06 1.624504199855696385e-01
2.458336370449999813e+06 2.212774442263665264e-01
2.458336371139999945e+06 1.768869025187473909e-01
2.458336371840000153e+06 2.545542590223348611e-01
2.458336372549999971e+06 3.253125891455006524e-01
2.458336373290000018e+06 2.900082973055795321e-01
2.458336373970000073e+06 2.258843305344662156e-01
2.458336374679999892e+06 1.974713581073732627e-01
2.458336375419999938e+06 2.128135773472994430e-01
2.458336376120000146e+06 1.977012150987285111e-01
2.458336376800000202e+06 2.875856018343938558e-01
2.458336377450000029e+06 3.125126256119976631e-01
2.458336378130000085e+06 2.741315301206306287e-01
2.458336378779999912e+06 2.514775860289581999e-01
2.458336379480000120e+06 2.570156270700998391e-01
2.458336380369999912e+06 2.676859607996391333e-01
2.458336381049999967e+06 2.567507739681680334e-01
2.458336381750000175e+06 2.964489476158469472e-01
2.458336382509999909e+06 2.582105165682992975e-01
2.458336383210000116e+06 3.062792750953775567e-01
2.458336383890000172e+06 3.288514835372033929e-01
2.458336384599999990e+06 2.703615600919846429e-01
2.458336385309999809e+06 2.908799589207458069e-01
2.458336385989999864e+06 2.508146381500537814e-01
2.458336386669999920e+06 2.604759964269245387e-01
2.458336387380000204e+06 2.718000381950105293e-01
2.458336388079999946e+06 3.029643764827554264e-01
2.458336388819999993e+06 3.620562284395205666e-01
2.458336389510000125e+06 3.241225002075740491e-01
2.458336390209999867e+06 3.920615988551912068e-01
2.458336390910000075e+06 3.805717933768999472e-01
2.458336391619999893e+06 3.560253638288646272e-01
2.458336392320000101e+06 3.754168063177107939e-01
2.458336392990000080e+06 3.896401453767861511e-01
2.458336393670000136e+06 3.257193788293459846e-01
2.458336394379999954e+06 3.180157387783282275e-01
2.458336395060000010e+06 3.228653958915046474e-01
2.458336395769999828e+06 3.360022094701609063e-01
2.458336396459999960e+06 3.927278059406695832e-01
2.458336397169999778e+06 2.896551567090579482e-01
2.458336397900000215e+06 3.389088384535163812e-01
2.458336398610000033e+06 3.488373954456740478e-01
2.458336399300000165e+06 3.127674064039247526e-01
2.458336400009999983e+06 2.772171512586965036e-01
2.458336400960000232e+06 2.486661216560168697e-01
2.458336401810000185e+06 2.711025974021730178e-01
2.458336402460000012e+06 2.531058985660354921e-01
2.458336403299999889e+06 2.403448024305507857e-01
2.458336403959999792e+06 2.531920386472368278e-01
2.458336404670000076e+06 2.325241884137376758e-01
2.458336405350000132e+06 2.305082531542623769e-01
2.458336406059999950e+06 2.064384080034962210e-01
2.458336406740000006e+06 2.259417828751910662e-01
2.458336407449999824e+06 2.681052969858850332e-01
2.458336408150000032e+06 2.244193397279961033e-01
2.458336408880000003e+06 2.641977294665061038e-01
2.458336409580000211e+06 2.032708034080989989e-01
2.458336410290000029e+06 2.333882028667009223e-01
2.458336411020000000e+06 2.569401860606710386e-01
2.458336411720000207e+06 1.708838561675101175e-01
2.458336412409999873e+06 2.295107958524411629e-01
2.458336413110000081e+06 2.071969096161918600e-01
2.458336413999999873e+06 2.186083774976115279e-01
2.458336414719999768e+06 2.985177421535851749e-01
2.458336415430000052e+06 1.785063949956686713e-01
2.458336416120000184e+06 2.522120688906106523e-01
2.458336417030000128e+06 2.603349003259651795e-01
2.458336417690000031e+06 2.243372136389254479e-01
2.458336418389999773e+06 1.967915445724539580e-01
2.458336419129999820e+06 2.052965871995358071e-01
2.458336420059999917e+06 1.640541541826472383e-01
2.458336420799999963e+06 2.359235557191681210e-01
2.458336421589999925e+06 1.697493125183413554e-01
2.458336422489999793e+06 2.070129772766478027e-01
2.458336423239999916e+06 2.060419220979987642e-01
2.458336424000000115e+06 2.567454265611761599e-01
2.458337323619999923e+06 2.145499265020713864e-01
2.458337324339999817e+06 2.238155296306665321e-01
2.458337325009999797e+06 2.143948613300068473e-01
2.458337325710000005e+06 2.295745440675460713e-01
2.458337326470000204e+06 1.979390901847395412e-01
2.458337327219999861e+06 2.312314502334764654e-01
2.458337327899999917e+06 2.315491895781338627e-01
2.458337328600000124e+06 2.262893499155929078e-01
2.458337329299999867e+06 2.341917568278404360e-01
2.458337330049999990e+06 1.955998880142271190e-01
2.458337330740000121e+06 2.321837922778122731e-01
2.458337331460000016e+06 2.262012623157332314e-01
2.458337332189999986e+06 2.276337685675251521e-01
2.458337332880000118e+06 2.129137132041112324e-01
2.458337333579999860e+06 2.482522122831305467e-01
2.458337334280000068e+06 2.388663103805956922e-01
2.458337334970000200e+06 2.207310841567924342e-01
2.458337335669999942e+06 2.172211655458884394e-01
2.458337336409999989e+06 2.781466514697630288e-01
2.458337339050000068e+06 3.185983600636781432e-01
2.458337341740000062e+06 2.335774086792667958e-01
2.458337342430000193e+06 2.997700153390674416e-01
2.458337343129999936e+06 3.158895389043170354e-01
2.458337343840000220e+06 2.429794871064760997e-01
2.458337344670000020e+06 2.651038557319953526e-01
2.458337345329999924e+06 2.610096784474116305e-01
2.458337346020000055e+06 2.870986607944043811e-01
2.458337346729999874e+06 2.267755744885810998e-01
2.458337347459999844e+06 2.197065514125018382e-01
2.458337348160000052e+06 2.366422887203469827e-01
2.458337348869999871e+06 2.428946792924620013e-01
2.458337349599999841e+06 2.215306284793374658e-01
2.458337350300000049e+06 2.385725898221977559e-01
2.458337350999999791e+06 1.899846174786077313e-01
2.458337351689999923e+06 2.377757575454602090e-01
2.458337352400000207e+06 2.575127467692688299e-01
2.458337353079999797e+06 2.392011071344697370e-01
2.458337353780000005e+06 2.941352467245721414e-01
2.458337354470000137e+06 2.527173435035034998e-01
2.458337355169999879e+06 1.787762159783952143e-01
2.458337355860000011e+06 2.658235325038038610e-01
2.458337356569999829e+06 3.050809304557340340e-01
2.458337357299999800e+06 2.508859563605962961e-01
2.458337358000000007e+06 3.168265529862033247e-01
2.458337358700000215e+06 2.689124503655353493e-01
2.458337359709999990e+06 2.086641571352281233e-01
2.458337360439999960e+06 1.647253655127407512e-01
2.458337361229999922e+06 2.184853244094995262e-01
2.458337361930000130e+06 3.268658969432145511e-01
2.458337362639999948e+06 2.216365898937411316e-01
2.458337363359999843e+06 2.746238037431183443e-01
2.458337364020000212e+06 2.228499724758759015e-01
2.458337364719999954e+06 2.920756508989654776e-01
2.458337365460000001e+06 3.245321053771910158e-01
2.458337366140000056e+06 3.061243178726531511e-01
2.458337366799999960e+06 3.114685502724103827e-01
2.458337367490000091e+06 2.647708590968917974e-01
2.458337368180000223e+06 2.611970237157485997e-01
2.458337368869999889e+06 2.908454602005150491e-01
2.458337369580000173e+06 3.738449399690555452e-01
2.458337370300000068e+06 3.582254544415963693e-01
2.458337370959999971e+06 3.574842795396158124e-01
2.458337371640000027e+06 3.134836320443614710e-01
2.458337372339999769e+06 3.673329077487910155e-01
2.458337373029999901e+06 3.799763558684219333e-01
2.458337373730000108e+06 4.296336239464189077e-01
2.458337374419999775e+06 4.130947587539743893e-01
2.458337375070000067e+06 3.996874796001623764e-01
2.458337375760000199e+06 4.171815973150305723e-01
2.458337376459999941e+06 4.154081764342230088e-01
2.458337377139999997e+06 4.091977890191866862e-01
2.458337377849999815e+06 3.903247274570844638e-01
2.458337378550000023e+06 3.964293061594990064e-01
2.458337379250000231e+06 5.067329780923408578e-01
2.458337380160000175e+06 3.924879801693030856e-01
2.458337381310000084e+06 4.033272863186052604e-01
2.458337382079999894e+06 4.627542500125407798e-01
2.458337382790000178e+06 3.912035766238304291e-01
2.458337383479999844e+06 3.888266534826438914e-01
2.458337384180000052e+06 4.636285720571571289e-01
2.458337384860000107e+06 4.223673934886491566e-01
2.458337385569999926e+06 4.308185196762259750e-01
2.458337386299999896e+06 4.823066620650209302e-01
2.458337387010000180e+06 4.986163023081076062e-01
2.458337387699999847e+06 4.423417150815041055e-01
2.458337388429999817e+06 4.499088004740983138e-01
2.458337389080000110e+06 4.048232372576308080e-01
2.458337389779999852e+06 3.840190891228090209e-01
2.458337390500000212e+06 4.747600045515305567e-01
2.458337391170000192e+06 3.439715525673303631e-01
2.458337391869999934e+06 3.404242805104402692e-01
2.458337392609999981e+06 4.283230008127141275e-01
2.458337393310000189e+06 3.806355180806288985e-01
2.458337394020000007e+06 4.165504152645045366e-01
2.458337394760000054e+06 3.386746438502772349e-01
2.458337395450000186e+06 3.416491424859504633e-01
2.458337396149999928e+06 3.792434752780682317e-01
2.458337396850000136e+06 4.529417918696552192e-01
2.458337397599999793e+06 4.123411998067449957e-01
2.458337398289999925e+06 3.650188462682120161e-01
2.458337398990000132e+06 4.097303191580259352e-01
2.458337399689999875e+06 4.480629562661171406e-01
2.458337400419999845e+06 3.860857433634325986e-01
2.458337401289999951e+06 4.202188162192399545e-01
2.458337402189999819e+06 3.886069309413180406e-01
2.458337402869999874e+06 3.703238428427493290e-01
2.458337403589999769e+06 3.996926469120438696e-01
2.458337404250000138e+06 4.039462451665016829e-01
2.458337404949999880e+06 4.435741142932165815e-01
2.458337405640000012e+06 4.022105318074125080e-01
2.458337406340000220e+06 3.851914346499079045e-01
2.458337407039999962e+06 3.718020535453163689e-01
2.458337407930000219e+06 4.003834396080332425e-01
2.458337408590000123e+06 4.127096189437864382e-01
2.458337409289999865e+06 4.123257267300548534e-01
2.458337409979999997e+06 4.496811843929933161e-01
2.458337410900000017e+06 4.269138239869558760e-01
2.458337411590000149e+06 5.237581555813015655e-01
2.458337412299999967e+06 4.826085219745888111e-01
2.458337413000000175e+06 5.098539088374778316e-01
2.458337413929999806e+06 4.572260019590110858e-01
2.458337414669999853e+06 4.971601082463319443e-01
2.458337415359999985e+06 4.880845504056683382e-01
2.458337416060000192e+06 4.827471706130186391e-01
2.458337416749999858e+06 5.160495970823646417e-01
2.458337417450000066e+06 4.958922017596822940e-01
2.458337418130000122e+06 4.866693008532614328e-01
2.458337418829999864e+06 5.342463987765277977e-01
2.458337419530000072e+06 4.423607868181100855e-01
2.458337420239999890e+06 4.634393885301619775e-01
2.458337420979999937e+06 4.858710561267400863e-01
2.458337422189999837e+06 5.165009982665473842e-01
2.458337423049999867e+06 4.607585771265299002e-01
2.458337423890000209e+06 4.651874500867556605e-01
2.458337424540000036e+06 4.937577586140928787e-01
2.458337425290000159e+06 4.223117958348883150e-01
2.458337425989999902e+06 5.014025855952333188e-01
2.458337426690000109e+06 5.831037577393161087e-01
2.458337427440000232e+06 4.836122000544271771e-01
2.458337428129999898e+06 5.139900823108547456e-01
2.458337428830000106e+06 4.901065427066271241e-01
2.458337429529999848e+06 5.644300805531443643e-01
2.458337430269999895e+06 5.353704571054755945e-01
2.458337430970000103e+06 5.441793033667625679e-01
2.458337431669999845e+06 5.750441938075709913e-01
2.458337432359999977e+06 5.458502963161233623e-01
2.458337433110000100e+06 4.270653180577639318e-01
2.458337433809999842e+06 4.457184746118425522e-01
2.458337434510000050e+06 4.901860270359836846e-01
2.458337435209999792e+06 4.564503947134301853e-01
2.458337435949999839e+06 4.923380121451756963e-01
2.458337436650000047e+06 4.685200904554189805e-01
2.458337437380000018e+06 4.344894473732061613e-01
2.458337438029999845e+06 4.850929624975499621e-01
2.458337438730000053e+06 4.454902463650043387e-01
2.458337439429999795e+06 4.757069003084577474e-01
2.458337440179999918e+06 5.229938644763496569e-01
2.458337440870000049e+06 4.133699900737877186e-01
2.458337441610000096e+06 4.773577691943486911e-01
2.458337442580000032e+06 4.730561202897654027e-01
2.458337443839999847e+06 4.774967458991614677e-01
2.458337444579999894e+06 4.704487322315671349e-01
2.458337445259999949e+06 4.625622742967134826e-01
2.458337445909999777e+06 4.520815814860696946e-01
2.458337446609999985e+06 5.358628637545521656e-01
2.458337447329999879e+06 4.740130140687011107e-01
2.458337447999999858e+06 5.022116872085788941e-01
2.458337448689999990e+06 4.649173722701895883e-01
2.458337449399999809e+06 5.431130304059657021e-01
2.458337450139999855e+06 4.563519238394349031e-01
2.458337450829999987e+06 4.210637938812986647e-01
2.458337451530000195e+06 4.204408397371928174e-01
2.458337452229999937e+06 4.171653104082277963e-01
2.458337452969999984e+06 4.866424119210961408e-01
2.458337453660000116e+06 4.524570999180745901e-01
2.458337454359999858e+06 4.284220279572341639e-01
2.458337455049999990e+06 4.758585940728004005e-01
2.458337455750000197e+06 4.541519424261384330e-01
2.458337456439999864e+06 4.256536331358393710e-01
2.458337457150000148e+06 4.374037439929931992e-01
2.458337457890000194e+06 4.024636680160948998e-01
2.458337458589999937e+06 3.998196524412485076e-01
2.458337459280000068e+06 4.484382483237183692e-01
2.458337459979999810e+06 4.514929606552016139e-01
2.458337460729999933e+06 4.227212059325005100e-01
2.458337461420000065e+06 4.094195366528019520e-01
2.458337462119999807e+06 4.358569610331262112e-01
2.458337462820000015e+06 4.370291415266365220e-01
2.458337463810000103e+06 4.384823056734461488e-01
2.458337464730000123e+06 4.377598455186664239e-01
2.458337465419999789e+06 4.159022488364954029e-01
2.458337466159999836e+06 4.115632998400897691e-01
2.458337466899999883e+06 5.156353669654425431e-01
2.458337467600000091e+06 4.690227279154193241e-01
2.458337468290000223e+06 4.541148710927380705e-01
2.458337468989999965e+06 4.619941369790279140e-01
2.458337469680000097e+06 5.101486128198438053e-01
2.458337470389999915e+06 5.466000282302250213e-01
2.458337471109999809e+06 5.161349137443806967e-01
2.458337471770000178e+06 4.682147103359959317e-01
2.458337472469999921e+06 4.652673335810515454e-01
2.458337473170000128e+06 4.845402625797028406e-01
2.458337473910000175e+06 4.756682389385460397e-01
2.458337474609999917e+06 4.437169069876354399e-01
2.458337475339999888e+06 5.232967276136122337e-01
2.458337476040000096e+06 5.530368164936021458e-01
2.458337476739999838e+06 5.039412346540554921e-01
2.458337477440000046e+06 5.136533098704560985e-01
2.458337478130000178e+06 4.797826813172481053e-01
2.458337478829999920e+06 4.947967317768604545e-01
2.458337479530000128e+06 5.067551105760390584e-01
2.458337480219999794e+06 5.031464073126254988e-01
2.458337480940000154e+06 5.117511446544025233e-01
2.458337481610000134e+06 5.462917527696760089e-01
2.458337482299999800e+06 5.241539143311353399e-01
2.458337483010000084e+06 5.651008110891311276e-01
2.458337483750000130e+06 4.995657245975628769e-01
2.458337484819999896e+06 5.956288646803251652e-01
2.458337485539999790e+06 5.338441457353990671e-01
2.458337486250000075e+06 5.566030433405604327e-01
2.458337487000000197e+06 5.283153149387693759e-01
2.458337487739999779e+06 4.947692422096388043e-01
2.458337488429999910e+06 5.020622807484560468e-01
2.458337489080000203e+06 5.226362697227227017e-01
2.458337489779999945e+06 5.011288778089113549e-01
2.458337490490000229e+06 4.827697178602914363e-01
2.458337491220000200e+06 4.853010697441817456e-01
2.458337491930000018e+06 4.950787242676462085e-01
2.458337492670000065e+06 4.424680687693225423e-01
2.458337493369999807e+06 4.797259261769450944e-01
2.458337494109999854e+06 5.119620879375190725e-01
2.458337494830000214e+06 4.581643052020663021e-01
2.458337495730000082e+06 4.910371502128239030e-01
2.458337496429999825e+06 4.417835231986853017e-01
2.458337497130000032e+06 4.680363917620393721e-01
2.458337497880000155e+06 4.529841411284696306e-01
2.458337498790000100e+06 3.953302165617174069e-01
2.458337499450000003e+06 3.742102954812480675e-01
2.458337500140000135e+06 4.100503534378070469e-01
2.458337500839999877e+06 3.412904144457673539e-01
2.458337501759999897e+06 3.813014465754864801e-01
2.458337502450000029e+06 3.699332627316032074e-01
2.458337503149999771e+06 4.428858984339143490e-01
2.458337503849999979e+06 4.064362314735294746e-01
2.458337504540000111e+06 3.772682484793090651e-01
2.458337505520000122e+06 4.418907032532395363e-01
2.458337506250000093e+06 3.963948109714099388e-01
2.458337506980000064e+06 4.320272742661632748e-01
2.458337507710000034e+06 3.605782962607548825e-01
2.458337508460000157e+06 3.307864837356451204e-01
2.458337509159999900e+06 3.464187370312377112e-01
2.458337509860000107e+06 3.717036279866174908e-01
2.458337510600000154e+06 3.698144574056616563e-01
2.458337511299999896e+06 3.498399359116746155e-01
2.458337511979999952e+06 3.582683907441754911e-01
2.458337512629999779e+06 3.517183814678546128e-01
2.458337513319999911e+06 3.742623252032917236e-01
2.458337514030000195e+06 4.117888959363931178e-01
2.458337514769999776e+06 4.287811071971390220e-01
2.458337515469999984e+06 3.833053992897994533e-01
2.458337516160000116e+06 3.944631284211563838e-01
2.458337516909999773e+06 3.886937839157500463e-01
2.458337517599999905e+06 3.668360230462184290e-01
2.458337518300000113e+06 3.656229909722874538e-01
2.458337518999999855e+06 3.740679270704134751e-01
2.458337519710000139e+06 3.414792026937689684e-01
2.458337520450000186e+06 4.036040535559557441e-01
2.458337521149999928e+06 3.651602829149940277e-01
2.458337521889999975e+06 3.481251911914071684e-01
2.458337522590000182e+06 3.244324548643628958e-01
2.458337523330000229e+06 3.164573457017549885e-01
2.458337524029999971e+06 3.795326687751590100e-01
2.458337524720000103e+06 3.544200631217275799e-01
2.458337525419999845e+06 2.761980128520846733e-01
2.458337526550000068e+06 3.771574345448396315e-01
2.458337527379999869e+06 3.232443998927543305e-01
2.458337528129999992e+06 3.138929367416558591e-01
2.458337528820000123e+06 3.386137542230507336e-01
2.458337529480000027e+06 3.029863745913790041e-01
2.458337530179999769e+06 3.156281835875827113e-01
2.458337530879999977e+06 3.646961699105730759e-01
2.458337531630000100e+06 3.223081264074103558e-01
2.458337532310000155e+06 2.827675584690698685e-01
2.458337533009999897e+06 3.182312510850522358e-01
2.458337533710000105e+06 3.075905963834095758e-01
2.458337534430000000e+06 3.444129355909133494e-01
2.458337535099999979e+06 3.497692698815253465e-01
2.458337535809999797e+06 3.186548822414199122e-01
2.458337536479999777e+06 3.336855487261445319e-01
2.458337537190000061e+06 2.860009516511752281e-01
2.458337537930000108e+06 3.194920807585006628e-01
2.458337538619999774e+06 3.389975220139564982e-01
2.458337539330000058e+06 3.116272239576076686e-01
2.458337540029999800e+06 3.343352884533530300e-01
2.458337540759999771e+06 3.652139844123247769e-01
2.458337541459999979e+06 3.386549137070620219e-01
2.458337542160000186e+06 3.226686147370365632e-01
2.458337542859999929e+06 3.061973003965530182e-01
2.458337543550000060e+06 3.188997359092820005e-01
2.458337544249999803e+06 3.040113119979839240e-01
2.458337544939999934e+06 3.362778253406233375e-01
2.458337545650000218e+06 3.387516397695886639e-01
2.458337546519999858e+06 3.397306316297878936e-01
2.458337547540000174e+06 3.060546397486731962e-01
2.458337548349999823e+06 3.556893235187033042e-01
2.458337549240000080e+06 2.679095420852188880e-01
2.458337549990000203e+06 3.075152479490910196e-01
2.458337550679999869e+06 3.278731286481466611e-01
2.458337551370000001e+06 3.170286252975937913e-01
2.458337552070000209e+06 2.694967350588051147e-01
2.458337552809999790e+06 2.709951957527501065e-01
2.458337553509999998e+06 2.902714994375550361e-01
2.458337554210000206e+06 2.683448920250928182e-01
2.458337554909999948e+06 2.614424396348198343e-01
2.458337555600000080e+06 2.730846120311163361e-01
2.458337556299999822e+06 3.128667449380539978e-01
2.458337557029999793e+06 2.867757917295783443e-01
2.458337557740000077e+06 3.118683965037902794e-01
2.458337558439999819e+06 3.102175286244239771e-01
2.458337559150000103e+06 3.045299229373554795e-01
2.458337559820000082e+06 3.199973959402857560e-01
2.458337560510000214e+06 3.083006214976542481e-01
2.458337561199999880e+06 2.492999792183496766e-01
2.458337561900000088e+06 2.573385821950253671e-01
2.458337562590000220e+06 2.590105094306380806e-01
2.458337563289999962e+06 2.463400045558614693e-01
2.458337563990000170e+06 2.621458978396056239e-01
2.458337564699999988e+06 2.554067744695860398e-01
2.458337565429999959e+06 2.507875726029666907e-01
2.458337566139999777e+06 2.636706364206666819e-01
2.458337566889999900e+06 2.252008607173578980e-01
2.458337567919999827e+06 2.734541335645808147e-01
2.458337568940000143e+06 2.840632144407617687e-01
2.458337569730000105e+06 2.455081011316568862e-01
2.458337570439999923e+06 2.626066651366336657e-01
2.458337571169999894e+06 2.678432935273580284e-01
2.458337571870000102e+06 2.930451887471150485e-01
2.458337572569999844e+06 2.593321338804859266e-01
2.458337573319999967e+06 2.905889166062358697e-01
2.458337574020000175e+06 2.952699501931466131e-01
2.458337574740000069e+06 2.812848878795914942e-01
2.458337575389999896e+06 2.778678273658652387e-01
2.458337576090000104e+06 2.796749799896609545e-01
2.458337576789999846e+06 2.345148298646275720e-01
2.458337577529999893e+06 2.799852262355067012e-01
2.458337578170000110e+06 2.301294480602962267e-01
2.458337578859999776e+06 3.177475493085744063e-01
2.458337579510000069e+06 2.782169581955180604e-01
2.458337580200000200e+06 2.896427756075539151e-01
2.458337580899999943e+06 2.845932953475127647e-01
2.458337581590000074e+06 2.502063086642980494e-01
2.458337582289999817e+06 2.302928259124605859e-01
2.458337583180000074e+06 2.293818547526527141e-01
2.458337583839999977e+06 2.086322034408087944e-01
2.458337584540000185e+06 3.136826170517466039e-01
2.458337585229999851e+06 2.956379142041818398e-01
2.458337586149999872e+06 3.045364764934408441e-01
2.458337586790000089e+06 2.843242487285593256e-01
2.458337587489999831e+06 2.537158571096220783e-01
2.458337588239999954e+06 2.777556495754751609e-01
2.458337589579999913e+06 2.637471840474141516e-01
2.458337590309999883e+06 3.324099149526187347e-01
2.458337590989999939e+06 3.039372465095606657e-01
2.458337591740000062e+06 2.927080387474561007e-01
2.458337592439999804e+06 3.158544814302786108e-01
2.458337593150000088e+06 3.471052381869004222e-01
2.458337593820000067e+06 2.854196860476729825e-01
2.458337594519999810e+06 2.767812451367621662e-01
2.458337595209999941e+06 2.990296177033329172e-01
2.458337595910000149e+06 3.449769064217171888e-01
2.458337596619999968e+06 2.902600704164068901e-01
2.458337597289999947e+06 3.402792837674901705e-01
2.458337597990000155e+06 3.347210738124513085e-01
2.458337598689999897e+06 3.304971315792766262e-01
2.458337599440000020e+06 3.039887724963534765e-01
2.458337600200000219e+06 3.248740835227206247e-01
2.458337600939999800e+06 2.857798174246362066e-01
2.458337601650000084e+06 3.458920086075103484e-01
2.458337602400000207e+06 3.875258114564168466e-01
2.458337603099999949e+06 3.391120555843283313e-01
2.458337603839999996e+06 3.391917799630821406e-01
2.458337604540000204e+06 3.378368315801836275e-01
2.458337605239999946e+06 3.749905838146698756e-01
2.458337605969999917e+06 3.602861634125371637e-01
2.458337606680000201e+06 3.727791190614517802e-01
2.458337607400000095e+06 3.845108150838925098e-01
2.458337608059999999e+06 3.882060145024794906e-01
2.458337608769999817e+06 4.022126316634366816e-01
2.458337609840000048e+06 3.348052162840460255e-01
2.458337610590000171e+06 3.802274535085032880e-01
2.458337611250000075e+06 3.904933641857759596e-01
2.458337611959999893e+06 3.990572594627934677e-01
2.458337612699999940e+06 3.910333602257480834e-01
2.458337613400000148e+06 4.849902747352459187e-01
2.458337614130000118e+06 3.878547151615432398e-01
2.458337614779999945e+06 4.237719355393849696e-01
2.458337615480000153e+06 4.444853603550527055e-01
2.458337616189999972e+06 4.425676960916966607e-01
2.458337616919999942e+06 4.093136448854330922e-01
2.458337617630000226e+06 3.665791175246226885e-01
2.458337618309999816e+06 3.660408846653453452e-01
2.458337619010000024e+06 3.827722007537506244e-01
2.458337619760000147e+06 3.996204985107958407e-01
2.458337620459999889e+06 3.845599282767011573e-01
2.458337621199999936e+06 3.915888202475557023e-01
2.458337621910000220e+06 4.199216229196913730e-01
2.458337622589999810e+06 3.693278800586519139e-01
2.458337623290000018e+06 3.683758424372598483e-01
2.458337623990000226e+06 3.849230205157816442e-01
2.458337624739999883e+06 4.056710304007467016e-01
2.458337625490000006e+06 3.463383743279528915e-01
2.458337626190000214e+06 4.335554007431667856e-01
2.458337626939999871e+06 3.601807080664745087e-01
2.458337627650000155e+06 3.806924848879997825e-01
2.458337628390000202e+06 4.277478594115997623e-01
